4129	2297
4130	2297
4130	2307
4131	2307
4131	2314
4132	2314
4132	2329
4133	2329
4133	2336
4134	2336
4134	2344
4135	2344
4135	2361
4136	2361
4136	2371
4137	2371
4137	2382
4138	2382
4138	2389
4139	2389
4139	2392
4140	2392
4140	2396
4141	2396
4141	2400
4142	2400
4142	2405
4143	2405
4143	2409
4144	2409
4144	2413
4145	2413
4145	2416
4146	2416
4146	2421
4147	2421
4147	2433
4148	2433
4148	2442
4149	2442
4149	2450
4150	2450
4150	2455
4151	2455
4151	2459
4152	2459
4152	2461
4153	2461
4153	2465
4154	2465
4154	2470
4155	2470
4155	2476
4156	2476
4156	2480
4157	2480
4157	2484
4158	2484
4158	2489
4159	2489
4159	2493
4160	2493
4160	2496
4161	2496
4161	2502
4162	2502
4162	2512
4163	2512
4163	2521
4164	2521
4164	2530
4165	2530
4165	2534
4166	2534
4166	2538
4167	2538
4167	2541
4168	2541
4168	2546
4169	2546
4169	2553
4170	2553
4170	2559
4171	2559
4171	2566
4172	2566
4172	2572
4173	2572
4173	2578
4174	2578
4174	2585
4173	2585
4173	2598
4174	2598
4174	2621
4175	2621
4175	2647
4176	2647
4176	2664
4177	2664
4177	2676
4176	2676
4176	2710
4175	2710
4175	2713
4176	2713
4176	2715
4175	2715
4175	2723
4174	2723
4174	2731
4173	2731
4173	2736
4172	2736
4172	2742
4171	2742
4171	2746
4170	2746
4170	2750
4169	2750
4169	2757
4168	2757
4168	2763
4167	2763
4167	2769
4166	2769
4166	2773
4165	2773
4165	2776
4164	2776
4164	2779
4163	2779
4163	2782
4162	2782
4162	2788
4161	2788
4161	2792
4160	2792
4160	2796
4159	2796
4159	2800
4158	2800
4158	2803
4157	2803
4157	2806
4156	2806
4156	2811
4155	2811
4155	2816
4154	2816
4154	2821
4153	2821
4153	2826
4152	2826
4152	2830
4151	2830
4151	2835
4150	2835
4150	2840
4149	2840
4149	2844
4148	2844
4148	2847
4147	2847
4147	2851
4146	2851
4146	2858
4145	2858
4145	2863
4144	2863
4144	2866
4143	2866
4143	2871
4142	2871
4142	2873
4141	2873
4141	2876
4140	2876
4140	2877
4139	2877
4139	2880
4138	2880
4138	2883
4137	2883
4137	2887
4136	2887
4136	2890
4135	2890
4135	2894
4134	2894
4134	2898
4133	2898
4133	2903
4132	2903
4132	2905
4131	2905
4131	2906
4130	2906
4130	2911
4129	2911
4129	2914
4128	2914
4128	2919
4127	2919
4127	2923
4126	2923
4126	2927
4125	2927
4125	2931
4124	2931
4124	2934
4123	2934
4123	2935
4122	2935
4122	2938
4121	2938
4121	2941
4120	2941
4120	2943
4119	2943
4119	2947
4118	2947
4118	2949
4117	2949
4117	2953
4116	2953
4116	2957
4115	2957
4115	2959
4114	2959
4114	2962
4113	2962
4113	2964
4112	2964
4112	2966
4111	2966
4111	2969
4110	2969
4110	2972
4109	2972
4109	2975
4108	2975
4108	2977
4107	2977
4107	2979
4106	2979
4106	2981
4105	2981
4105	2983
4104	2983
4104	2986
4103	2986
4103	2988
4102	2988
4102	2990
4101	2990
4101	2992
4100	2992
4100	2995
4099	2995
4099	2997
4098	2997
4098	2999
4097	2999
4097	3001
4096	3001
4096	3003
4095	3003
4095	3005
4094	3005
4094	3007
4093	3007
4093	3009
4092	3009
4092	3011
4091	3011
4091	3013
4090	3013
4090	3015
4089	3015
4089	3017
4088	3017
4088	3020
4087	3020
4087	3022
4086	3022
4086	3024
4085	3024
4085	3026
4084	3026
4084	3028
4083	3028
4083	3029
4082	3029
4082	3031
4081	3031
4081	3032
4080	3032
4080	3033
4079	3033
4079	3034
4078	3034
4078	3035
4077	3035
4077	3037
4076	3037
4076	3038
4075	3038
4075	3039
4074	3039
4074	3041
4073	3041
4073	3042
4072	3042
4072	3044
4071	3044
4071	3045
4070	3045
4070	3047
4069	3047
4069	3048
4068	3048
4068	3050
4067	3050
4067	3052
4066	3052
4066	3053
4065	3053
4065	3055
4064	3055
4064	3056
4063	3056
4063	3057
4062	3057
4062	3058
4061	3058
4061	3060
4060	3060
4060	3062
4059	3062
4059	3064
4058	3064
4058	3065
4057	3065
4057	3067
4056	3067
4056	3069
4055	3069
4055	3070
4054	3070
4054	3072
4053	3072
4053	3074
4052	3074
4052	3076
4051	3076
4051	3079
4050	3079
4050	3082
4049	3082
4049	3091
4050	3091
4050	3093
4051	3093
4051	3094
4052	3094
4052	3095
4054	3095
4054	3096
4064	3096
4064	3095
4067	3095
4067	3094
4069	3094
4069	3093
4070	3093
4070	3092
4073	3092
4073	3091
4075	3091
4075	3090
4077	3090
4077	3089
4078	3089
4078	3088
4082	3088
4082	3087
4083	3087
4083	3086
4085	3086
4085	3084
4086	3084
4086	3083
4087	3083
4087	3082
4089	3082
4089	3083
4090	3083
4090	3082
4091	3082
4091	3081
4092	3081
4092	3080
4093	3080
4093	3079
4094	3079
4094	3077
4095	3077
4095	3076
4096	3076
4096	3075
4097	3075
4097	3074
4098	3074
4098	3071
4099	3071
4099	3070
4100	3070
4100	3069
4105	3069
4105	3068
4103	3068
4103	3067
4104	3067
4104	3066
4107	3066
4107	3065
4108	3065
4108	3064
4110	3064
4110	3063
4111	3063
4111	3062
4113	3062
4113	3061
4117	3061
4117	3060
4119	3060
4119	3059
4121	3059
4121	3057
4123	3057
4123	3059
4124	3059
4124	3057
4125	3057
4125	3056
4126	3056
4126	3055
4127	3055
4127	3054
4128	3054
4128	3053
4130	3053
4130	3052
4133	3052
4133	3051
4135	3051
4135	3050
4136	3050
4136	3049
4138	3049
4138	3048
4141	3048
4141	3047
4143	3047
4143	3046
4145	3046
4145	3045
4146	3045
4146	3044
4149	3044
4149	3043
4152	3043
4152	3042
4153	3042
4153	3041
4154	3041
4154	3040
4156	3040
4156	3039
4159	3039
4159	3038
4161	3038
4161	3037
4162	3037
4162	3036
4163	3036
4163	3035
4166	3035
4166	3034
4168	3034
4168	3033
4170	3033
4170	3032
4172	3032
4172	3031
4176	3031
4176	3030
4177	3030
4177	3029
4179	3029
4179	3028
4181	3028
4181	3027
4184	3027
4184	3026
4186	3026
4186	3025
4189	3025
4189	3024
4192	3024
4192	3023
4194	3023
4194	3022
4195	3022
4195	3021
4197	3021
4197	3020
4202	3020
4202	3019
4204	3019
4204	3018
4205	3018
4205	3017
4210	3017
4210	3016
4212	3016
4212	3015
4213	3015
4213	3014
4214	3014
4214	3013
4217	3013
4217	3012
4219	3012
4219	3010
4221	3010
4221	3009
4223	3009
4223	3008
4224	3008
4224	3009
4225	3009
4225	3008
4227	3008
4227	3006
4228	3006
4228	3005
4231	3005
4231	3004
4234	3004
4234	3003
4235	3003
4235	3002
4237	3002
4237	3001
4238	3001
4238	3000
4239	3000
4239	2999
4243	2999
4243	2998
4244	2998
4244	2997
4246	2997
4246	2996
4247	2996
4247	2995
4248	2995
4248	2994
4250	2994
4250	2993
4252	2993
4252	2992
4253	2992
4253	2991
4254	2991
4254	2990
4255	2990
4255	2989
4256	2989
4256	2988
4258	2988
4258	2987
4259	2987
4259	2986
4261	2986
4261	2985
4262	2985
4262	2984
4263	2984
4263	2983
4264	2983
4264	2982
4266	2982
4266	2981
4268	2981
4268	2980
4269	2980
4269	2979
4270	2979
4270	2978
4272	2978
4272	2977
4273	2977
4273	2976
4275	2976
4275	2975
4277	2975
4277	2974
4278	2974
4278	2973
4279	2973
4279	2972
4280	2972
4280	2971
4282	2971
4282	2970
4283	2970
4283	2969
4285	2969
4285	2968
4286	2968
4286	2967
4288	2967
4288	2966
4289	2966
4289	2965
4290	2965
4290	2964
4293	2964
4293	2963
4294	2963
4294	2962
4295	2962
4295	2961
4296	2961
4296	2960
4298	2960
4298	2959
4299	2959
4299	2958
4301	2958
4301	2959
4302	2959
4302	2958
4303	2958
4303	2957
4305	2957
4305	2956
4306	2956
4306	2954
4308	2954
4308	2953
4312	2953
4312	2952
4314	2952
4314	2951
4316	2951
4316	2950
4320	2950
4320	2949
4322	2949
4322	2948
4324	2948
4324	2947
4325	2947
4325	2946
4329	2946
4329	2945
4332	2945
4332	2944
4333	2944
4333	2943
4335	2943
4335	2944
4337	2944
4337	2943
4336	2943
4336	2942
4339	2942
4339	2941
4342	2941
4342	2940
4347	2940
4347	2939
4349	2939
4349	2938
4352	2938
4352	2937
4357	2937
4357	2936
4358	2936
4358	2935
4359	2935
4359	2934
4360	2934
4360	2935
4361	2935
4361	2934
4362	2934
4362	2933
4364	2933
4364	2932
4366	2932
4366	2931
4367	2931
4367	2930
4370	2930
4370	2929
4371	2929
4371	2928
4373	2928
4373	2927
4374	2927
4374	2926
4375	2926
4375	2925
4377	2925
4377	2924
4379	2924
4379	2923
4381	2923
4381	2922
4382	2922
4382	2921
4383	2921
4383	2920
4384	2920
4384	2919
4386	2919
4386	2918
4388	2918
4388	2917
4389	2917
4389	2916
4391	2916
4391	2915
4392	2915
4392	2914
4393	2914
4393	2913
4396	2913
4396	2912
4397	2912
4397	2911
4398	2911
4398	2910
4400	2910
4400	2909
4401	2909
4401	2908
4404	2908
4404	2907
4405	2907
4405	2906
4406	2906
4406	2905
4408	2905
4408	2904
4410	2904
4410	2903
4411	2903
4411	2902
4414	2902
4414	2901
4415	2901
4415	2900
4416	2900
4416	2898
4418	2898
4418	2897
4423	2897
4423	2896
4425	2896
4425	2895
4426	2895
4426	2894
4431	2894
4431	2893
4432	2893
4432	2892
4434	2892
4434	2891
4435	2891
4435	2890
4436	2890
4436	2889
4438	2889
4438	2888
4440	2888
4440	2887
4441	2887
4441	2886
4442	2886
4442	2885
4444	2885
4444	2883
4447	2883
4447	2882
4448	2882
4448	2881
4449	2881
4449	2880
4451	2880
4451	2879
4452	2879
4452	2878
4454	2878
4454	2877
4456	2877
4456	2876
4457	2876
4457	2874
4459	2874
4459	2873
4461	2873
4461	2872
4464	2872
4464	2871
4466	2871
4466	2870
4468	2870
4468	2869
4473	2869
4473	2868
4476	2868
4476	2867
4475	2867
4475	2866
4477	2866
4477	2865
4479	2865
4479	2864
4480	2864
4480	2865
4481	2865
4481	2864
4483	2864
4483	2862
4486	2862
4486	2861
4487	2861
4487	2860
4488	2860
4488	2861
4489	2861
4489	2860
4491	2860
4491	2859
4492	2859
4492	2858
4494	2858
4494	2857
4496	2857
4496	2856
4497	2856
4497	2855
4499	2855
4499	2853
4500	2853
4500	2852
4502	2852
4502	2851
4503	2851
4503	2850
4507	2850
4507	2849
4509	2849
4509	2848
4510	2848
4510	2847
4513	2847
4513	2846
4516	2846
4516	2845
4518	2845
4518	2844
4520	2844
4520	2843
4523	2843
4523	2842
4526	2842
4526	2841
4528	2841
4528	2840
4529	2840
4529	2839
4532	2839
4532	2838
4535	2838
4535	2837
4537	2837
4537	2835
4542	2835
4542	2834
4546	2834
4546	2832
4549	2832
4549	2831
4550	2831
4550	2830
4552	2830
4552	2829
4553	2829
4553	2828
4554	2828
4554	2829
4555	2829
4555	2828
4557	2828
4557	2827
4559	2827
4559	2825
4561	2825
4561	2824
4563	2824
4563	2823
4567	2823
4567	2822
4569	2822
4569	2820
4571	2820
4571	2819
4573	2819
4573	2818
4574	2818
4574	2819
4575	2819
4575	2818
4576	2818
4576	2817
4577	2817
4577	2816
4578	2816
4578	2817
4579	2817
4579	2815
4582	2815
4582	2814
4583	2814
4583	2813
4585	2813
4585	2812
4588	2812
4588	2811
4591	2811
4591	2810
4593	2810
4593	2809
4594	2809
4594	2808
4596	2808
4596	2807
4597	2807
4597	2806
4598	2806
4598	2805
4602	2805
4602	2804
4604	2804
4604	2803
4606	2803
4606	2802
4610	2802
4610	2801
4612	2801
4612	2800
4614	2800
4614	2799
4619	2799
4619	2798
4620	2798
4620	2797
4623	2797
4623	2796
4627	2796
4627	2795
4630	2795
4630	2794
4633	2794
4633	2793
4635	2793
4635	2792
4636	2792
4636	2791
4640	2791
4640	2790
4643	2790
4643	2789
4647	2789
4647	2788
4649	2788
4649	2787
4653	2787
4653	2786
4654	2786
4654	2785
4656	2785
4656	2786
4657	2786
4657	2784
4661	2784
4661	2783
4663	2783
4663	2782
4665	2782
4665	2781
4668	2781
4668	2780
4670	2780
4670	2779
4671	2779
4671	2778
4672	2778
4672	2777
4676	2777
4676	2776
4678	2776
4678	2775
4681	2775
4681	2774
4685	2774
4685	2773
4688	2773
4688	2772
4694	2772
4694	2771
4698	2771
4698	2770
4700	2770
4700	2769
4703	2769
4703	2768
4707	2768
4707	2767
4712	2767
4712	2766
4715	2766
4715	2765
4719	2765
4719	2764
4724	2764
4724	2763
4728	2763
4728	2762
4730	2762
4730	2761
4731	2761
4731	2762
4732	2762
4732	2761
4733	2761
4733	2760
4735	2760
4735	2759
4739	2759
4739	2758
4742	2758
4742	2757
4746	2757
4746	2756
4750	2756
4750	2755
4755	2755
4755	2754
4762	2754
4762	2753
4763	2753
4763	2752
4767	2752
4767	2751
4770	2751
4770	2750
4772	2750
4772	2749
4775	2749
4775	2748
4779	2748
4779	2747
4780	2747
4780	2746
4784	2746
4784	2745
4789	2745
4789	2744
4793	2744
4793	2743
4798	2743
4798	2742
4805	2742
4805	2741
4815	2741
4815	2740
4818	2740
4818	2741
4823	2741
4823	2740
4824	2740
4824	2741
4831	2741
4831	2742
4838	2742
4838	2743
4840	2743
4840	2744
4844	2744
4844	2745
4846	2745
4846	2746
4849	2746
4849	2747
4850	2747
4850	2748
4852	2748
4852	2749
4853	2749
4853	2750
4855	2750
4855	2751
4856	2751
4856	2752
4858	2752
4858	2753
4859	2753
4859	2755
4860	2755
4860	2756
4861	2756
4861	2757
4862	2757
4862	2758
4863	2758
4863	2759
4864	2759
4864	2760
4865	2760
4865	2761
4866	2761
4866	2763
4869	2763
4869	2764
4870	2764
4870	2766
4869	2766
4869	2768
4872	2768
4872	2769
4873	2769
4873	2771
4874	2771
4874	2772
4875	2772
4875	2773
4876	2773
4876	2776
4877	2776
4877	2779
4878	2779
4878	2783
4879	2783
4879	2803
4878	2803
4878	2808
4877	2808
4877	2811
4876	2811
4876	2813
4875	2813
4875	2816
4874	2816
4874	2820
4873	2820
4873	2822
4872	2822
4872	2825
4871	2825
4871	2827
4870	2827
4870	2830
4869	2830
4869	2833
4868	2833
4868	2836
4867	2836
4867	2838
4866	2838
4866	2840
4865	2840
4865	2842
4864	2842
4864	2844
4863	2844
4863	2846
4862	2846
4862	2847
4861	2847
4861	2849
4860	2849
4860	2851
4859	2851
4859	2853
4858	2853
4858	2855
4857	2855
4857	2857
4856	2857
4856	2858
4855	2858
4855	2860
4854	2860
4854	2862
4853	2862
4853	2863
4852	2863
4852	2865
4851	2865
4851	2866
4850	2866
4850	2868
4849	2868
4849	2869
4848	2869
4848	2870
4847	2870
4847	2872
4846	2872
4846	2873
4845	2873
4845	2874
4844	2874
4844	2876
4843	2876
4843	2878
4842	2878
4842	2880
4841	2880
4841	2883
4840	2883
4840	2885
4839	2885
4839	2888
4838	2888
4838	2890
4837	2890
4837	2892
4836	2892
4836	2893
4835	2893
4835	2895
4834	2895
4834	2897
4833	2897
4833	2900
4832	2900
4832	2901
4831	2901
4831	2903
4830	2903
4830	2905
4829	2905
4829	2906
4828	2906
4828	2908
4827	2908
4827	2909
4826	2909
4826	2910
4825	2910
4825	2912
4824	2912
4824	2914
4823	2914
4823	2915
4822	2915
4822	2917
4821	2917
4821	2919
4820	2919
4820	2920
4819	2920
4819	2921
4818	2921
4818	2923
4817	2923
4817	2924
4816	2924
4816	2925
4815	2925
4815	2926
4814	2926
4814	2928
4813	2928
4813	2929
4812	2929
4812	2930
4811	2930
4811	2931
4810	2931
4810	2933
4809	2933
4809	2934
4808	2934
4808	2935
4807	2935
4807	2937
4806	2937
4806	2938
4805	2938
4805	2939
4804	2939
4804	2940
4803	2940
4803	2942
4802	2942
4802	2943
4801	2943
4801	2945
4800	2945
4800	2946
4799	2946
4799	2948
4798	2948
4798	2950
4797	2950
4797	2951
4796	2951
4796	2952
4795	2952
4795	2953
4794	2953
4794	2954
4793	2954
4793	2956
4792	2956
4792	2957
4791	2957
4791	2958
4790	2958
4790	2960
4789	2960
4789	2961
4788	2961
4788	2962
4787	2962
4787	2964
4786	2964
4786	2966
4785	2966
4785	2968
4784	2968
4784	2969
4783	2969
4783	2971
4782	2971
4782	2973
4781	2973
4781	2975
4780	2975
4780	2977
4779	2977
4779	2979
4778	2979
4778	2980
4777	2980
4777	2982
4776	2982
4776	2984
4775	2984
4775	2986
4774	2986
4774	2987
4773	2987
4773	2989
4772	2989
4772	2991
4771	2991
4771	2992
4770	2992
4770	2994
4769	2994
4769	2995
4768	2995
4768	2997
4767	2997
4767	2998
4766	2998
4766	2999
4765	2999
4765	3001
4764	3001
4764	3002
4763	3002
4763	3003
4762	3003
4762	3004
4761	3004
4761	3005
4760	3005
4760	3006
4759	3006
4759	3007
4758	3007
4758	3008
4757	3008
4757	3009
4756	3009
4756	3010
4755	3010
4755	3011
4754	3011
4754	3012
4753	3012
4753	3013
4752	3013
4752	3015
4751	3015
4751	3016
4750	3016
4750	3017
4749	3017
4749	3018
4748	3018
4748	3019
4747	3019
4747	3020
4746	3020
4746	3021
4745	3021
4745	3022
4744	3022
4744	3024
4742	3024
4742	3026
4741	3026
4741	3027
4740	3027
4740	3028
4739	3028
4739	3030
4738	3030
4738	3031
4737	3031
4737	3032
4736	3032
4736	3033
4735	3033
4735	3034
4734	3034
4734	3036
4733	3036
4733	3037
4732	3037
4732	3038
4731	3038
4731	3039
4730	3039
4730	3040
4729	3040
4729	3042
4728	3042
4728	3043
4726	3043
4726	3044
4725	3044
4725	3045
4724	3045
4724	3046
4723	3046
4723	3047
4722	3047
4722	3048
4721	3048
4721	3049
4720	3049
4720	3050
4719	3050
4719	3051
4718	3051
4718	3052
4716	3052
4716	3053
4715	3053
4715	3054
4714	3054
4714	3055
4713	3055
4713	3056
4711	3056
4711	3057
4710	3057
4710	3058
4709	3058
4709	3059
4708	3059
4708	3060
4707	3060
4707	3061
4705	3061
4705	3062
4704	3062
4704	3063
4703	3063
4703	3064
4702	3064
4702	3065
4700	3065
4700	3066
4699	3066
4699	3067
4698	3067
4698	3068
4697	3068
4697	3069
4696	3069
4696	3070
4695	3070
4695	3071
4693	3071
4693	3072
4692	3072
4692	3073
4691	3073
4691	3074
4689	3074
4689	3075
4688	3075
4688	3076
4687	3076
4687	3077
4685	3077
4685	3078
4684	3078
4684	3079
4683	3079
4683	3080
4682	3080
4682	3081
4681	3081
4681	3082
4680	3082
4680	3083
4679	3083
4679	3084
4678	3084
4678	3085
4677	3085
4677	3086
4676	3086
4676	3087
4675	3087
4675	3088
4673	3088
4673	3089
4672	3089
4672	3090
4671	3090
4671	3091
4670	3091
4670	3092
4669	3092
4669	3093
4668	3093
4668	3094
4667	3094
4667	3095
4666	3095
4666	3096
4665	3096
4665	3097
4664	3097
4664	3098
4662	3098
4662	3099
4661	3099
4661	3101
4660	3101
4660	3102
4659	3102
4659	3103
4658	3103
4658	3104
4657	3104
4657	3105
4656	3105
4656	3106
4655	3106
4655	3107
4654	3107
4654	3109
4653	3109
4653	3110
4652	3110
4652	3111
4651	3111
4651	3112
4649	3112
4649	3113
4648	3113
4648	3114
4647	3114
4647	3115
4646	3115
4646	3116
4645	3116
4645	3117
4644	3117
4644	3118
4643	3118
4643	3119
4642	3119
4642	3120
4641	3120
4641	3121
4640	3121
4640	3122
4639	3122
4639	3123
4638	3123
4638	3124
4637	3124
4637	3125
4635	3125
4635	3126
4634	3126
4634	3127
4633	3127
4633	3128
4632	3128
4632	3129
4631	3129
4631	3130
4630	3130
4630	3131
4629	3131
4629	3132
4627	3132
4627	3133
4626	3133
4626	3134
4625	3134
4625	3135
4624	3135
4624	3136
4622	3136
4622	3137
4621	3137
4621	3138
4620	3138
4620	3139
4619	3139
4619	3140
4618	3140
4618	3141
4617	3141
4617	3142
4616	3142
4616	3143
4615	3143
4615	3144
4613	3144
4613	3145
4612	3145
4612	3146
4611	3146
4611	3147
4610	3147
4610	3148
4609	3148
4609	3149
4608	3149
4608	3150
4607	3150
4607	3151
4606	3151
4606	3152
4605	3152
4605	3153
4604	3153
4604	3154
4603	3154
4603	3155
4602	3155
4602	3156
4601	3156
4601	3157
4600	3157
4600	3158
4599	3158
4599	3159
4598	3159
4598	3160
4597	3160
4597	3161
4596	3161
4596	3162
4595	3162
4595	3163
4593	3163
4593	3164
4592	3164
4592	3165
4591	3165
4591	3166
4590	3166
4590	3167
4589	3167
4589	3168
4588	3168
4588	3169
4587	3169
4587	3171
4586	3171
4586	3172
4585	3172
4585	3173
4584	3173
4584	3174
4583	3174
4583	3176
4582	3176
4582	3177
4581	3177
4581	3178
4580	3178
4580	3179
4579	3179
4579	3181
4578	3181
4578	3182
4577	3182
4577	3183
4576	3183
4576	3184
4575	3184
4575	3185
4574	3185
4574	3186
4572	3186
4572	3187
4571	3187
4571	3188
4570	3188
4570	3189
4569	3189
4569	3190
4568	3190
4568	3191
4567	3191
4567	3193
4565	3193
4565	3194
4564	3194
4564	3195
4563	3195
4563	3196
4562	3196
4562	3197
4561	3197
4561	3199
4560	3199
4560	3200
4559	3200
4559	3201
4558	3201
4558	3202
4557	3202
4557	3203
4556	3203
4556	3204
4555	3204
4555	3205
4554	3205
4554	3207
4553	3207
4553	3208
4552	3208
4552	3209
4551	3209
4551	3210
4550	3210
4550	3212
4549	3212
4549	3213
4548	3213
4548	3214
4547	3214
4547	3216
4546	3216
4546	3217
4545	3217
4545	3219
4544	3219
4544	3220
4543	3220
4543	3221
4542	3221
4542	3222
4541	3222
4541	3223
4540	3223
4540	3224
4539	3224
4539	3225
4538	3225
4538	3226
4537	3226
4537	3228
4536	3228
4536	3229
4535	3229
4535	3230
4534	3230
4534	3231
4533	3231
4533	3232
4532	3232
4532	3233
4531	3233
4531	3235
4529	3235
4529	3237
4528	3237
4528	3238
4527	3238
4527	3239
4526	3239
4526	3240
4525	3240
4525	3241
4524	3241
4524	3242
4523	3242
4523	3243
4521	3243
4521	3244
4520	3244
4520	3245
4519	3245
4519	3246
4518	3246
4518	3247
4517	3247
4517	3248
4516	3248
4516	3249
4515	3249
4515	3250
4514	3250
4514	3251
4513	3251
4513	3252
4511	3252
4511	3253
4510	3253
4510	3254
4509	3254
4509	3255
4508	3255
4508	3256
4507	3256
4507	3257
4505	3257
4505	3258
4504	3258
4504	3259
4503	3259
4503	3260
4502	3260
4502	3261
4501	3261
4501	3262
4500	3262
4500	3263
4499	3263
4499	3264
4498	3264
4498	3265
4496	3265
4496	3266
4495	3266
4495	3267
4493	3267
4493	3268
4492	3268
4492	3269
4490	3269
4490	3270
4489	3270
4489	3271
4487	3271
4487	3272
4486	3272
4486	3273
4485	3273
4485	3274
4484	3274
4484	3275
4482	3275
4482	3276
4481	3276
4481	3277
4480	3277
4480	3278
4478	3278
4478	3279
4477	3279
4477	3280
4475	3280
4475	3281
4474	3281
4474	3282
4473	3282
4473	3283
4471	3283
4471	3284
4469	3284
4469	3285
4468	3285
4468	3286
4466	3286
4466	3287
4465	3287
4465	3288
4463	3288
4463	3289
4461	3289
4461	3290
4460	3290
4460	3291
4459	3291
4459	3292
4458	3292
4458	3293
4456	3293
4456	3294
4455	3294
4455	3295
4453	3295
4453	3296
4452	3296
4452	3297
4450	3297
4450	3298
4449	3298
4449	3299
4447	3299
4447	3300
4445	3300
4445	3301
4443	3301
4443	3302
4442	3302
4442	3303
4440	3303
4440	3304
4438	3304
4438	3305
4436	3305
4436	3306
4435	3306
4435	3307
4433	3307
4433	3308
4431	3308
4431	3309
4429	3309
4429	3310
4427	3310
4427	3311
4426	3311
4426	3312
4424	3312
4424	3313
4423	3313
4423	3314
4421	3314
4421	3315
4420	3315
4420	3316
4418	3316
4418	3317
4417	3317
4417	3318
4415	3318
4415	3319
4413	3319
4413	3320
4411	3320
4411	3321
4410	3321
4410	3322
4408	3322
4408	3323
4407	3323
4407	3324
4406	3324
4406	3325
4404	3325
4404	3326
4402	3326
4402	3327
4401	3327
4401	3328
4400	3328
4400	3329
4399	3329
4399	3330
4397	3330
4397	3331
4396	3331
4396	3332
4394	3332
4394	3333
4393	3333
4393	3334
4391	3334
4391	3335
4389	3335
4389	3336
4388	3336
4388	3337
4385	3337
4385	3338
4383	3338
4383	3339
4381	3339
4381	3340
4380	3340
4380	3341
4377	3341
4377	3342
4376	3342
4376	3343
4374	3343
4374	3344
4372	3344
4372	3345
4370	3345
4370	3346
4369	3346
4369	3347
4367	3347
4367	3348
4366	3348
4366	3349
4364	3349
4364	3350
4363	3350
4363	3351
4362	3351
4362	3352
4361	3352
4361	3353
4359	3353
4359	3354
4358	3354
4358	3355
4357	3355
4357	3356
4355	3356
4355	3357
4353	3357
4353	3358
4352	3358
4352	3359
4350	3359
4350	3360
4348	3360
4348	3361
4346	3361
4346	3362
4345	3362
4345	3363
4344	3363
4344	3364
4342	3364
4342	3365
4341	3365
4341	3366
4339	3366
4339	3367
4337	3367
4337	3368
4336	3368
4336	3369
4333	3369
4333	3370
4332	3370
4332	3371
4330	3371
4330	3372
4329	3372
4329	3373
4327	3373
4327	3374
4326	3374
4326	3375
4324	3375
4324	3376
4323	3376
4323	3377
4321	3377
4321	3378
4320	3378
4320	3379
4318	3379
4318	3380
4316	3380
4316	3381
4315	3381
4315	3382
4313	3382
4313	3383
4312	3383
4312	3384
4310	3384
4310	3385
4308	3385
4308	3386
4306	3386
4306	3387
4304	3387
4304	3388
4301	3388
4301	3389
4298	3389
4298	3390
4297	3390
4297	3391
4295	3391
4295	3392
4293	3392
4293	3393
4290	3393
4290	3394
4289	3394
4289	3395
4287	3395
4287	3396
4285	3396
4285	3397
4282	3397
4282	3398
4281	3398
4281	3399
4279	3399
4279	3400
4278	3400
4278	3401
4276	3401
4276	3402
4274	3402
4274	3403
4273	3403
4273	3404
4271	3404
4271	3405
4270	3405
4270	3406
4268	3406
4268	3407
4266	3407
4266	3408
4265	3408
4265	3409
4263	3409
4263	3410
4262	3410
4262	3411
4260	3411
4260	3412
4257	3412
4257	3413
4255	3413
4255	3414
4253	3414
4253	3415
4251	3415
4251	3416
4249	3416
4249	3417
4247	3417
4247	3418
4246	3418
4246	3419
4244	3419
4244	3420
4243	3420
4243	3421
4240	3421
4240	3422
4238	3422
4238	3423
4237	3423
4237	3424
4235	3424
4235	3425
4233	3425
4233	3426
4231	3426
4231	3427
4228	3427
4228	3428
4226	3428
4226	3429
4224	3429
4224	3430
4222	3430
4222	3431
4220	3431
4220	3432
4218	3432
4218	3433
4216	3433
4216	3434
4213	3434
4213	3435
4211	3435
4211	3436
4209	3436
4209	3437
4206	3437
4206	3438
4204	3438
4204	3439
4200	3439
4200	3440
4197	3440
4197	3441
4193	3441
4193	3442
4191	3442
4191	3443
4188	3443
4188	3444
4185	3444
4185	3445
4179	3445
4179	3446
4175	3446
4175	3447
4170	3447
4170	3448
4167	3448
4167	3449
4163	3449
4163	3450
4160	3450
4160	3451
4155	3451
4155	3452
4152	3452
4152	3453
4148	3453
4148	3454
4142	3454
4142	3455
4135	3455
4135	3456
4130	3456
4130	3457
4126	3457
4126	3458
4121	3458
4121	3459
4117	3459
4117	3460
4113	3460
4113	3461
4109	3461
4109	3462
4106	3462
4106	3463
4102	3463
4102	3464
4098	3464
4098	3465
4095	3465
4095	3466
4093	3466
4093	3467
4091	3467
4091	3468
4090	3468
4090	3469
4086	3469
4086	3470
4085	3470
4085	3471
4083	3471
4083	3472
4082	3472
4082	3473
4080	3473
4080	3474
4079	3474
4079	3475
4078	3475
4078	3476
4077	3476
4077	3477
4075	3477
4075	3478
4074	3478
4074	3479
4070	3479
4070	3480
4052	3480
4052	3481
4036	3481
4036	3480
4032	3480
4032	3481
4011	3481
4011	3480
3992	3480
3992	3481
3981	3481
3981	3482
3976	3482
3976	3483
3974	3483
3974	3484
3972	3484
3972	3485
3969	3485
3969	3486
3963	3486
3963	3487
3938	3487
3938	3488
3922	3488
3922	3489
3908	3489
3908	3490
3907	3490
3907	3491
3906	3491
3906	3492
3902	3492
3902	3493
3894	3493
3894	3492
3890	3492
3890	3491
3886	3491
3886	3490
3882	3490
3882	3489
3878	3489
3878	3488
3874	3488
3874	3487
3870	3487
3870	3486
3865	3486
3865	3485
3862	3485
3862	3484
3857	3484
3857	3483
3854	3483
3854	3482
3851	3482
3851	3481
3847	3481
3847	3480
3844	3480
3844	3479
3839	3479
3839	3478
3836	3478
3836	3477
3832	3477
3832	3476
3828	3476
3828	3475
3824	3475
3824	3474
3821	3474
3821	3473
3818	3473
3818	3472
3813	3472
3813	3474
3812	3474
3812	3477
3813	3477
3813	3478
3814	3478
3814	3479
3815	3479
3815	3480
3814	3480
3814	3481
3812	3481
3812	3483
3811	3483
3811	3484
3810	3484
3810	3485
3809	3485
3809	3487
3807	3487
3807	3488
3806	3488
3806	3489
3801	3489
3801	3490
3793	3490
3793	3489
3786	3489
3786	3488
3785	3488
3785	3487
3787	3487
3787	3486
3789	3486
3789	3485
3787	3485
3787	3484
3785	3484
3785	3485
3784	3485
3784	3484
3783	3484
3783	3482
3782	3482
3782	3483
3781	3483
3781	3486
3780	3486
3780	3485
3778	3485
3778	3483
3777	3483
3777	3474
3775	3474
3775	3473
3772	3473
3772	3474
3769	3474
3769	3475
3767	3475
3767	3476
3763	3476
3763	3477
3760	3477
3760	3478
3759	3478
3759	3479
3755	3479
3755	3480
3754	3480
3754	3481
3752	3481
3752	3482
3750	3482
3750	3483
3747	3483
3747	3484
3745	3484
3745	3485
3743	3485
3743	3486
3742	3486
3742	3487
3739	3487
3739	3488
3737	3488
3737	3489
3736	3489
3736	3490
3734	3490
3734	3491
3730	3491
3730	3492
3728	3492
3728	3493
3727	3493
3727	3494
3725	3494
3725	3495
3722	3495
3722	3496
3720	3496
3720	3497
3718	3497
3718	3498
3715	3498
3715	3499
3711	3499
3711	3500
3710	3500
3710	3501
3708	3501
3708	3502
3705	3502
3705	3503
3704	3503
3704	3504
3702	3504
3702	3505
3700	3505
3700	3506
3697	3506
3697	3507
3696	3507
3696	3508
3694	3508
3694	3509
3693	3509
3693	3510
3692	3510
3692	3511
3690	3511
3690	3512
3687	3512
3687	3513
3686	3513
3686	3514
3685	3514
3685	3515
3683	3515
3683	3516
3682	3516
3682	3517
3680	3517
3680	3518
3678	3518
3678	3519
3677	3519
3677	3520
3675	3520
3675	3521
3674	3521
3674	3522
3672	3522
3672	3523
3670	3523
3670	3524
3668	3524
3668	3525
3667	3525
3667	3526
3662	3526
3662	3527
3655	3527
3655	3526
3649	3526
3649	3527
3644	3527
3644	3528
3641	3528
3641	3529
3637	3529
3637	3530
3634	3530
3634	3531
3632	3531
3632	3532
3629	3532
3629	3533
3627	3533
3627	3534
3625	3534
3625	3535
3623	3535
3623	3536
3620	3536
3620	3537
3619	3537
3619	3538
3617	3538
3617	3539
3615	3539
3615	3540
3614	3540
3614	3541
3611	3541
3611	3542
3609	3542
3609	3543
3607	3543
3607	3544
3602	3544
3602	3545
3596	3545
3596	3544
3591	3544
3591	3543
3590	3543
3590	3542
3589	3542
3589	3541
3575	3541
3575	3542
3570	3542
3570	3543
3564	3543
3564	3544
3556	3544
3556	3545
3517	3545
3517	3546
3499	3546
3499	3547
3490	3547
3490	3548
3481	3548
3481	3549
3472	3549
3472	3548
3463	3548
3463	3547
3456	3547
3456	3546
3448	3546
3448	3545
3438	3545
3438	3544
3425	3544
3425	3543
3424	3543
3424	3544
3417	3544
3417	3543
3397	3543
3397	3542
3394	3542
3394	3541
3390	3541
3390	3540
3388	3540
3388	3539
3386	3539
3386	3538
3385	3538
3385	3537
3384	3537
3384	3535
3383	3535
3383	3534
3381	3534
3381	3533
3380	3533
3380	3532
3379	3532
3379	3531
3377	3531
3377	3530
3375	3530
3375	3529
3372	3529
3372	3528
3371	3528
3371	3527
3369	3527
3369	3526
3367	3526
3367	3525
3363	3525
3363	3524
3361	3524
3361	3523
3359	3523
3359	3522
3357	3522
3357	3521
3355	3521
3355	3520
3354	3520
3354	3519
3352	3519
3352	3518
3351	3518
3351	3517
3348	3517
3348	3516
3346	3516
3346	3515
3344	3515
3344	3514
3343	3514
3343	3513
3342	3513
3342	3512
3339	3512
3339	3511
3338	3511
3338	3510
3336	3510
3336	3509
3335	3509
3335	3508
3334	3508
3334	3507
3332	3507
3332	3506
3330	3506
3330	3505
3328	3505
3328	3504
3327	3504
3327	3503
3325	3503
3325	3502
3324	3502
3324	3501
3321	3501
3321	3500
3320	3500
3320	3499
3318	3499
3318	3498
3315	3498
3315	3497
3313	3497
3313	3496
3311	3496
3311	3495
3309	3495
3309	3494
3306	3494
3306	3493
3303	3493
3303	3492
3301	3492
3301	3491
3298	3491
3298	3490
3295	3490
3295	3489
3292	3489
3292	3488
3290	3488
3290	3487
3287	3487
3287	3486
3285	3486
3285	3485
3281	3485
3281	3484
3278	3484
3278	3483
3276	3483
3276	3482
3273	3482
3273	3481
3269	3481
3269	3480
3265	3480
3265	3479
3260	3479
3260	3478
3257	3478
3257	3477
3253	3477
3253	3476
3250	3476
3250	3475
3245	3475
3245	3474
3242	3474
3242	3473
3237	3473
3237	3472
3234	3472
3234	3471
3230	3471
3230	3470
3227	3470
3227	3469
3224	3469
3224	3468
3221	3468
3221	3467
3218	3467
3218	3466
3216	3466
3216	3465
3212	3465
3212	3464
3209	3464
3209	3463
3206	3463
3206	3462
3203	3462
3203	3461
3200	3461
3200	3460
3197	3460
3197	3459
3193	3459
3193	3458
3190	3458
3190	3457
3188	3457
3188	3456
3186	3456
3186	3455
3184	3455
3184	3454
3182	3454
3182	3453
3180	3453
3180	3452
3178	3452
3178	3451
3176	3451
3176	3450
3175	3450
3175	3449
3172	3449
3172	3448
3169	3448
3169	3447
3166	3447
3166	3446
3164	3446
3164	3445
3161	3445
3161	3444
3158	3444
3158	3443
3155	3443
3155	3442
3151	3442
3151	3441
3148	3441
3148	3440
3146	3440
3146	3439
3143	3439
3143	3438
3141	3438
3141	3437
3137	3437
3137	3436
3134	3436
3134	3435
3131	3435
3131	3434
3128	3434
3128	3433
3125	3433
3125	3432
3123	3432
3123	3431
3122	3431
3122	3430
3120	3430
3120	3429
3118	3429
3118	3428
3117	3428
3117	3427
3115	3427
3115	3426
3114	3426
3114	3425
3112	3425
3112	3424
3110	3424
3110	3423
3109	3423
3109	3422
3107	3422
3107	3421
3105	3421
3105	3420
3104	3420
3104	3419
3103	3419
3103	3418
3101	3418
3101	3417
3100	3417
3100	3416
3099	3416
3099	3415
3097	3415
3097	3414
3095	3414
3095	3413
3094	3413
3094	3412
3092	3412
3092	3411
3091	3411
3091	3410
3089	3410
3089	3409
3088	3409
3088	3408
3087	3408
3087	3407
3085	3407
3085	3406
3084	3406
3084	3405
3082	3405
3082	3404
3081	3404
3081	3403
3080	3403
3080	3402
3079	3402
3079	3401
3077	3401
3077	3400
3076	3400
3076	3399
3074	3399
3074	3398
3073	3398
3073	3397
3072	3397
3072	3396
3070	3396
3070	3395
3069	3395
3069	3394
3068	3394
3068	3393
3067	3393
3067	3392
3066	3392
3066	3391
3064	3391
3064	3390
3063	3390
3063	3389
3062	3389
3062	3388
3061	3388
3061	3387
3060	3387
3060	3386
3058	3386
3058	3385
3057	3385
3057	3384
3056	3384
3056	3383
3055	3383
3055	3382
3054	3382
3054	3381
3053	3381
3053	3380
3051	3380
3051	3379
3050	3379
3050	3378
3049	3378
3049	3377
3048	3377
3048	3376
3047	3376
3047	3375
3046	3375
3046	3374
3045	3374
3045	3373
3044	3373
3044	3372
3043	3372
3043	3371
3042	3371
3042	3370
3041	3370
3041	3369
3040	3369
3040	3368
3039	3368
3039	3367
3038	3367
3038	3366
3037	3366
3037	3365
3036	3365
3036	3364
3035	3364
3035	3363
3034	3363
3034	3362
3033	3362
3033	3361
3032	3361
3032	3360
3031	3360
3031	3359
3030	3359
3030	3358
3029	3358
3029	3357
3028	3357
3028	3356
3027	3356
3027	3355
3026	3355
3026	3354
3025	3354
3025	3353
3024	3353
3024	3352
3023	3352
3023	3351
3022	3351
3022	3350
3021	3350
3021	3349
3020	3349
3020	3348
3019	3348
3019	3347
3018	3347
3018	3346
3017	3346
3017	3345
3016	3345
3016	3344
3015	3344
3015	3343
3014	3343
3014	3342
3013	3342
3013	3341
3012	3341
3012	3340
3011	3340
3011	3339
3010	3339
3010	3338
3009	3338
3009	3337
3007	3337
3007	3336
3006	3336
3006	3335
3005	3335
3005	3334
3004	3334
3004	3333
3003	3333
3003	3332
3001	3332
3001	3331
3000	3331
3000	3330
2998	3330
2998	3329
2997	3329
2997	3328
2995	3328
2995	3327
2994	3327
2994	3326
2993	3326
2993	3325
2991	3325
2991	3324
2990	3324
2990	3323
2989	3323
2989	3322
2988	3322
2988	3321
2986	3321
2986	3320
2984	3320
2984	3319
2982	3319
2982	3318
2980	3318
2980	3317
2978	3317
2978	3316
2977	3316
2977	3315
2975	3315
2975	3314
2972	3314
2972	3313
2970	3313
2970	3312
2968	3312
2968	3311
2966	3311
2966	3310
2964	3310
2964	3309
2962	3309
2962	3308
2961	3308
2961	3307
2959	3307
2959	3306
2957	3306
2957	3305
2955	3305
2955	3304
2952	3304
2952	3303
2950	3303
2950	3302
2947	3302
2947	3301
2944	3301
2944	3300
2942	3300
2942	3299
2939	3299
2939	3298
2936	3298
2936	3297
2935	3297
2935	3296
2932	3296
2932	3295
2930	3295
2930	3294
2928	3294
2928	3293
2926	3293
2926	3292
2923	3292
2923	3291
2921	3291
2921	3290
2919	3290
2919	3289
2916	3289
2916	3288
2915	3288
2915	3287
2912	3287
2912	3286
2911	3286
2911	3285
2909	3285
2909	3284
2907	3284
2907	3283
2905	3283
2905	3282
2903	3282
2903	3281
2901	3281
2901	3280
2900	3280
2900	3279
2897	3279
2897	3278
2896	3278
2896	3277
2894	3277
2894	3276
2892	3276
2892	3275
2890	3275
2890	3274
2889	3274
2889	3273
2887	3273
2887	3272
2886	3272
2886	3271
2885	3271
2885	3270
2883	3270
2883	3269
2882	3269
2882	3268
2881	3268
2881	3267
2879	3267
2879	3266
2878	3266
2878	3265
2877	3265
2877	3264
2876	3264
2876	3263
2875	3263
2875	3262
2873	3262
2873	3261
2872	3261
2872	3260
2871	3260
2871	3259
2869	3259
2869	3258
2868	3258
2868	3257
2867	3257
2867	3256
2865	3256
2865	3255
2864	3255
2864	3254
2863	3254
2863	3253
2861	3253
2861	3252
2860	3252
2860	3251
2859	3251
2859	3250
2858	3250
2858	3249
2857	3249
2857	3248
2856	3248
2856	3247
2854	3247
2854	3246
2853	3246
2853	3245
2852	3245
2852	3244
2851	3244
2851	3243
2850	3243
2850	3242
2849	3242
2849	3241
2848	3241
2848	3240
2847	3240
2847	3239
2846	3239
2846	3238
2845	3238
2845	3237
2843	3237
2843	3235
2841	3235
2841	3234
2840	3234
2840	3233
2839	3233
2839	3232
2837	3232
2837	3230
2836	3230
2836	3229
2835	3229
2835	3228
2834	3228
2834	3227
2833	3227
2833	3226
2832	3226
2832	3225
2830	3225
2830	3224
2828	3224
2828	3223
2826	3223
2826	3222
2825	3222
2825	3221
2823	3221
2823	3220
2822	3220
2822	3219
2820	3219
2820	3218
2819	3218
2819	3217
2817	3217
2817	3216
2816	3216
2816	3215
2815	3215
2815	3214
2813	3214
2813	3213
2811	3213
2811	3212
2810	3212
2810	3211
2808	3211
2808	3210
2807	3210
2807	3209
2805	3209
2805	3208
2804	3208
2804	3207
2802	3207
2802	3206
2801	3206
2801	3205
2800	3205
2800	3204
2799	3204
2799	3203
2797	3203
2797	3202
2794	3202
2794	3201
2793	3201
2793	3200
2792	3200
2792	3199
2791	3199
2791	3198
2789	3198
2789	3197
2788	3197
2788	3196
2787	3196
2787	3195
2786	3195
2786	3194
2785	3194
2785	3192
2783	3192
2783	3191
2782	3191
2782	3190
2781	3190
2781	3189
2780	3189
2780	3188
2779	3188
2779	3187
2777	3187
2777	3186
2776	3186
2776	3185
2775	3185
2775	3184
2774	3184
2774	3183
2773	3183
2773	3182
2772	3182
2772	3181
2771	3181
2771	3180
2769	3180
2769	3179
2768	3179
2768	3178
2767	3178
2767	3177
2766	3177
2766	3176
2765	3176
2765	3175
2764	3175
2764	3174
2763	3174
2763	3173
2761	3173
2761	3172
2760	3172
2760	3171
2759	3171
2759	3170
2758	3170
2758	3169
2757	3169
2757	3168
2756	3168
2756	3167
2755	3167
2755	3166
2753	3166
2753	3165
2752	3165
2752	3164
2751	3164
2751	3163
2749	3163
2749	3162
2748	3162
2748	3161
2747	3161
2747	3160
2745	3160
2745	3159
2744	3159
2744	3158
2743	3158
2743	3157
2742	3157
2742	3156
2741	3156
2741	3155
2740	3155
2740	3154
2739	3154
2739	3153
2737	3153
2737	3152
2736	3152
2736	3151
2734	3151
2734	3150
2733	3150
2733	3149
2732	3149
2732	3148
2731	3148
2731	3147
2729	3147
2729	3145
2727	3145
2727	3144
2726	3144
2726	3143
2725	3143
2725	3142
2724	3142
2724	3141
2723	3141
2723	3140
2722	3140
2722	3139
2721	3139
2721	3137
2719	3137
2719	3135
2718	3135
2718	3134
2717	3134
2717	3133
2716	3133
2716	3132
2715	3132
2715	3131
2714	3131
2714	3130
2713	3130
2713	3129
2712	3129
2712	3128
2711	3128
2711	3127
2710	3127
2710	3126
2709	3126
2709	3125
2708	3125
2708	3124
2707	3124
2707	3123
2706	3123
2706	3122
2705	3122
2705	3120
2704	3120
2704	3119
2702	3119
2702	3118
2701	3118
2701	3117
2700	3117
2700	3116
2699	3116
2699	3114
2698	3114
2698	3113
2697	3113
2697	3112
2696	3112
2696	3110
2695	3110
2695	3109
2693	3109
2693	3107
2692	3107
2692	3106
2691	3106
2691	3105
2690	3105
2690	3104
2689	3104
2689	3103
2688	3103
2688	3102
2687	3102
2687	3101
2686	3101
2686	3100
2685	3100
2685	3099
2684	3099
2684	3097
2683	3097
2683	3096
2682	3096
2682	3095
2681	3095
2681	3093
2680	3093
2680	3092
2679	3092
2679	3089
2680	3089
2680	3088
2679	3088
2679	3087
2678	3087
2678	3083
2677	3083
2677	3081
2676	3081
2676	3079
2675	3079
2675	3078
2674	3078
2674	3076
2671	3076
2671	3075
2670	3075
2670	3074
2666	3074
2666	3073
2665	3073
2665	3072
2664	3072
2664	3071
2663	3071
2663	3070
2662	3070
2662	3068
2661	3068
2661	3067
2660	3067
2660	3066
2659	3066
2659	3065
2658	3065
2658	3064
2657	3064
2657	3063
2656	3063
2656	3062
2655	3062
2655	3061
2654	3061
2654	3060
2653	3060
2653	3059
2651	3059
2651	3058
2650	3058
2650	3057
2649	3057
2649	3056
2648	3056
2648	3055
2647	3055
2647	3054
2646	3054
2646	3053
2645	3053
2645	3052
2643	3052
2643	3051
2642	3051
2642	3050
2641	3050
2641	3049
2640	3049
2640	3048
2639	3048
2639	3047
2638	3047
2638	3045
2637	3045
2637	3044
2636	3044
2636	3043
2635	3043
2635	3042
2634	3042
2634	3040
2633	3040
2633	3039
2632	3039
2632	3037
2631	3037
2631	3036
2630	3036
2630	3035
2629	3035
2629	3033
2628	3033
2628	3032
2627	3032
2627	3031
2626	3031
2626	3030
2625	3030
2625	3029
2624	3029
2624	3027
2623	3027
2623	3026
2622	3026
2622	3025
2621	3025
2621	3023
2620	3023
2620	3022
2619	3022
2619	3020
2618	3020
2618	3019
2617	3019
2617	3017
2616	3017
2616	3016
2615	3016
2615	3015
2614	3015
2614	3014
2613	3014
2613	3013
2612	3013
2612	3011
2611	3011
2611	3010
2610	3010
2610	3009
2609	3009
2609	3008
2608	3008
2608	3007
2607	3007
2607	3006
2606	3006
2606	3004
2605	3004
2605	3003
2604	3003
2604	3002
2603	3002
2603	3001
2602	3001
2602	3000
2601	3000
2601	2999
2600	2999
2600	2997
2599	2997
2599	2995
2598	2995
2598	2994
2597	2994
2597	2992
2596	2992
2596	2991
2595	2991
2595	2990
2594	2990
2594	2988
2593	2988
2593	2987
2592	2987
2592	2986
2591	2986
2591	2983
2590	2983
2590	2981
2589	2981
2589	2979
2588	2979
2588	2976
2587	2976
2587	2975
2586	2975
2586	2971
2585	2971
2585	2968
2584	2968
2584	2966
2583	2966
2583	2963
2582	2963
2582	2960
2581	2960
2581	2957
2580	2957
2580	2954
2579	2954
2579	2950
2578	2950
2578	2947
2577	2947
2577	2943
2576	2943
2576	2939
2575	2939
2575	2929
2574	2929
2574	2926
2575	2926
2575	2914
2576	2914
2576	2910
2577	2910
2577	2907
2578	2907
2578	2904
2579	2904
2579	2902
2580	2902
2580	2900
2581	2900
2581	2898
2582	2898
2582	2897
2583	2897
2583	2895
2584	2895
2584	2894
2585	2894
2585	2891
2586	2891
2586	2890
2587	2890
2587	2889
2588	2889
2588	2886
2589	2886
2589	2883
2590	2883
2590	2881
2591	2881
2591	2878
2592	2878
2592	2877
2593	2877
2593	2876
2594	2876
2594	2874
2595	2874
2595	2873
2596	2873
2596	2871
2597	2871
2597	2870
2598	2870
2598	2869
2599	2869
2599	2868
2601	2868
2601	2867
2602	2867
2602	2866
2603	2866
2603	2865
2604	2865
2604	2864
2606	2864
2606	2863
2607	2863
2607	2862
2608	2862
2608	2861
2607	2861
2607	2860
2608	2860
2608	2859
2609	2859
2609	2860
2610	2860
2610	2861
2611	2861
2611	2858
2612	2858
2612	2857
2613	2857
2613	2856
2615	2856
2615	2855
2617	2855
2617	2854
2620	2854
2620	2853
2622	2853
2622	2852
2623	2852
2623	2851
2629	2851
2629	2850
2632	2850
2632	2849
2640	2849
2640	2848
2654	2848
2654	2847
2663	2847
2663	2848
2676	2848
2676	2849
2677	2849
2677	2848
2681	2848
2681	2849
2693	2849
2693	2850
2695	2850
2695	2849
2696	2849
2696	2850
2702	2850
2702	2851
2714	2851
2714	2852
2723	2852
2723	2853
2731	2853
2731	2854
2736	2854
2736	2855
2743	2855
2743	2856
2750	2856
2750	2857
2756	2857
2756	2858
2760	2858
2760	2859
2763	2859
2763	2860
2766	2860
2766	2861
2769	2861
2769	2862
2774	2862
2774	2863
2777	2863
2777	2864
2780	2864
2780	2865
2785	2865
2785	2866
2788	2866
2788	2867
2792	2867
2792	2868
2796	2868
2796	2869
2799	2869
2799	2870
2802	2870
2802	2871
2807	2871
2807	2872
2811	2872
2811	2873
2816	2873
2816	2874
2820	2874
2820	2875
2824	2875
2824	2876
2828	2876
2828	2877
2833	2877
2833	2878
2837	2878
2837	2879
2843	2879
2843	2880
2847	2880
2847	2881
2855	2881
2855	2882
2860	2882
2860	2883
2866	2883
2866	2884
2872	2884
2872	2885
2877	2885
2877	2886
2882	2886
2882	2887
2887	2887
2887	2888
2891	2888
2891	2889
2894	2889
2894	2890
2898	2890
2898	2891
2902	2891
2902	2892
2906	2892
2906	2893
2910	2893
2910	2894
2916	2894
2916	2895
2920	2895
2920	2896
2925	2896
2925	2897
2938	2897
2938	2898
2943	2898
2943	2899
2954	2899
2954	2900
2960	2900
2960	2901
2965	2901
2965	2902
2972	2902
2972	2903
2978	2903
2978	2904
2983	2904
2983	2905
2988	2905
2988	2906
2993	2906
2993	2907
2997	2907
2997	2908
3002	2908
3002	2909
3006	2909
3006	2910
3014	2910
3014	2911
3028	2911
3028	2912
3033	2912
3033	2913
3037	2913
3037	2914
3041	2914
3041	2915
3046	2915
3046	2916
3049	2916
3049	2917
3056	2917
3056	2918
3061	2918
3061	2919
3065	2919
3065	2920
3068	2920
3068	2921
3071	2921
3071	2922
3073	2922
3073	2923
3075	2923
3075	2924
3079	2924
3079	2925
3082	2925
3082	2926
3088	2926
3088	2927
3093	2927
3093	2928
3097	2928
3097	2929
3103	2929
3103	2930
3106	2930
3106	2931
3107	2931
3107	2932
3109	2932
3109	2933
3111	2933
3111	2932
3112	2932
3112	2933
3115	2933
3115	2934
3117	2934
3117	2935
3121	2935
3121	2936
3123	2936
3123	2937
3127	2937
3127	2938
3128	2938
3128	2937
3129	2937
3129	2938
3132	2938
3132	2939
3136	2939
3136	2940
3144	2940
3144	2941
3149	2941
3149	2942
3156	2942
3156	2943
3164	2943
3164	2944
3170	2944
3170	2945
3176	2945
3176	2946
3181	2946
3181	2947
3185	2947
3185	2948
3186	2948
3186	2949
3190	2949
3190	2950
3193	2950
3193	2951
3194	2951
3194	2952
3198	2952
3198	2953
3200	2953
3200	2954
3204	2954
3204	2955
3207	2955
3207	2956
3209	2956
3209	2957
3212	2957
3212	2958
3215	2958
3215	2959
3217	2959
3217	2960
3219	2960
3219	2961
3220	2961
3220	2962
3223	2962
3223	2963
3224	2963
3224	2964
3226	2964
3226	2965
3228	2965
3228	2966
3229	2966
3229	2967
3232	2967
3232	2968
3234	2968
3234	2969
3235	2969
3235	2970
3237	2970
3237	2971
3239	2971
3239	2972
3241	2972
3241	2973
3242	2973
3242	2974
3244	2974
3244	2975
3245	2975
3245	2976
3246	2976
3246	2977
3247	2977
3247	2978
3249	2978
3249	2979
3250	2979
3250	2980
3252	2980
3252	2981
3253	2981
3253	2983
3254	2983
3254	2984
3257	2984
3257	2985
3258	2985
3258	2986
3259	2986
3259	2987
3261	2987
3261	2988
3262	2988
3262	2989
3265	2989
3265	2990
3267	2990
3267	2991
3269	2991
3269	2992
3272	2992
3272	2993
3275	2993
3275	2994
3277	2994
3277	2995
3279	2995
3279	2996
3282	2996
3282	2997
3284	2997
3284	2998
3285	2998
3285	2999
3287	2999
3287	3000
3290	3000
3290	3001
3292	3001
3292	3002
3294	3002
3294	3003
3296	3003
3296	3004
3298	3004
3298	3005
3300	3005
3300	3006
3303	3006
3303	3007
3304	3007
3304	3008
3308	3008
3308	3009
3311	3009
3311	3010
3312	3010
3312	3011
3315	3011
3315	3012
3318	3012
3318	3013
3320	3013
3320	3014
3322	3014
3322	3015
3325	3015
3325	3016
3327	3016
3327	3017
3330	3017
3330	3018
3334	3018
3334	3019
3335	3019
3335	3020
3338	3020
3338	3021
3342	3021
3342	3022
3344	3022
3344	3023
3346	3023
3346	3024
3350	3024
3350	3025
3352	3025
3352	3026
3354	3026
3354	3027
3359	3027
3359	3028
3360	3028
3360	3029
3362	3029
3362	3030
3365	3030
3365	3031
3368	3031
3368	3032
3370	3032
3370	3033
3373	3033
3373	3034
3376	3034
3376	3035
3379	3035
3379	3036
3381	3036
3381	3037
3385	3037
3385	3038
3387	3038
3387	3039
3388	3039
3388	3040
3390	3040
3390	3041
3393	3041
3393	3042
3395	3042
3395	3043
3397	3043
3397	3044
3399	3044
3399	3045
3402	3045
3402	3046
3405	3046
3405	3047
3406	3047
3406	3048
3408	3048
3408	3049
3411	3049
3411	3050
3413	3050
3413	3051
3414	3051
3414	3052
3416	3052
3416	3053
3419	3053
3419	3054
3421	3054
3421	3055
3423	3055
3423	3056
3424	3056
3424	3057
3427	3057
3427	3058
3429	3058
3429	3059
3431	3059
3431	3060
3433	3060
3433	3061
3436	3061
3436	3062
3438	3062
3438	3063
3440	3063
3440	3064
3441	3064
3441	3065
3445	3065
3445	3066
3446	3066
3446	3067
3448	3067
3448	3068
3450	3068
3450	3069
3454	3069
3454	3070
3456	3070
3456	3071
3459	3071
3459	3072
3464	3072
3464	3073
3467	3073
3467	3074
3469	3074
3469	3073
3473	3073
3473	3074
3475	3074
3475	3076
3476	3076
3476	3078
3477	3078
3477	3079
3479	3079
3479	3080
3481	3080
3481	3081
3483	3081
3483	3082
3489	3082
3489	3083
3492	3083
3492	3084
3497	3084
3497	3085
3504	3085
3504	3086
3513	3086
3513	3087
3514	3087
3514	3086
3523	3086
3523	3085
3525	3085
3525	3084
3526	3084
3526	3083
3527	3083
3527	3082
3528	3082
3528	3081
3529	3081
3529	3080
3530	3080
3530	3057
3529	3057
3529	3046
3528	3046
3528	3044
3527	3044
3527	3041
3526	3041
3526	3037
3525	3037
3525	3032
3524	3032
3524	3026
3523	3026
3523	3021
3522	3021
3522	3016
3521	3016
3521	3012
3520	3012
3520	3009
3519	3009
3519	3006
3518	3006
3518	3002
3517	3002
3517	2998
3516	2998
3516	2995
3515	2995
3515	2991
3514	2991
3514	2987
3513	2987
3513	2981
3512	2981
3512	2978
3511	2978
3511	2975
3510	2975
3510	2972
3509	2972
3509	2968
3508	2968
3508	2964
3507	2964
3507	2958
3506	2958
3506	2954
3505	2954
3505	2950
3504	2950
3504	2946
3503	2946
3503	2942
3502	2942
3502	2939
3501	2939
3501	2935
3500	2935
3500	2929
3499	2929
3499	2926
3498	2926
3498	2921
3497	2921
3497	2916
3496	2916
3496	2910
3495	2910
3495	2906
3494	2906
3494	2903
3493	2903
3493	2899
3492	2899
3492	2893
3491	2893
3491	2889
3490	2889
3490	2884
3489	2884
3489	2878
3488	2878
3488	2870
3487	2870
3487	2863
3486	2863
3486	2855
3485	2855
3485	2849
3484	2849
3484	2844
3483	2844
3483	2837
3482	2837
3482	2832
3481	2832
3481	2828
3480	2828
3480	2824
3479	2824
3479	2820
3478	2820
3478	2815
3477	2815
3477	2812
3476	2812
3476	2807
3475	2807
3475	2798
3474	2798
3474	2792
3473	2792
3473	2785
3472	2785
3472	2775
3471	2775
3471	2765
3470	2765
3470	2757
3469	2757
3469	2751
3468	2751
3468	2746
3467	2746
3467	2736
3466	2736
3466	2717
3465	2717
3465	2706
3464	2706
3464	2667
3465	2667
3465	2661
3466	2661
3466	2657
3467	2657
3467	2645
3468	2645
3468	2635
3469	2635
3469	2617
3470	2617
3470	2601
3471	2601
3471	2590
3472	2590
3472	2581
3473	2581
3473	2577
3474	2577
3474	2572
3475	2572
3475	2569
3476	2569
3476	2566
3477	2566
3477	2564
3478	2564
3478	2562
3479	2562
3479	2556
3480	2556
3480	2549
3481	2549
3481	2537
3482	2537
3482	2510
3483	2510
3483	2493
3484	2493
3484	2490
3483	2490
3483	2488
3484	2488
3484	2473
3485	2473
3485	2466
3486	2466
3486	2457
3487	2457
3487	2445
3488	2445
3488	2441
3489	2441
3489	2426
3490	2426
3490	2420
3491	2420
3491	2401
3492	2401
3492	2385
3493	2385
3493	2374
3492	2374
3492	2362
3493	2362
3493	2347
3494	2347
3494	2339
3495	2339
3495	2328
3496	2328
3496	2310
3497	2310
3497	2301
3498	2301
3498	2294
3499	2294
3499	2286
3500	2286
3500	2279
3501	2279
3501	2275
3502	2275
3502	2272
3503	2272
3503	2269
3504	2269
3504	2265
3505	2265
3505	2261
3506	2261
3506	2257
3507	2257
3507	2254
3508	2254
3508	2250
3509	2250
3509	2244
3510	2244
3510	2240
3511	2240
3511	2236
3512	2236
3512	2224
3513	2224
3513	2217
3512	2217
3512	2210
3513	2210
3513	2206
3512	2206
3512	2198
3513	2198
3513	2175
3514	2175
3514	2169
3515	2169
3515	2163
3516	2163
3516	2154
3517	2154
3517	2144
3518	2144
3518	2108
3517	2108
3517	2105
3518	2105
3518	2086
3519	2086
3519	2077
3518	2077
3518	2072
3519	2072
3519	2069
3518	2069
3518	2061
3519	2061
3519	2046
3520	2046
3520	2033
3521	2033
3521	2024
3522	2024
3522	2015
3523	2015
3523	1988
3524	1988
3524	1978
3525	1978
3525	1969
3526	1969
3526	1964
3527	1964
3527	1959
3528	1959
3528	1955
3529	1955
3529	1951
3530	1951
3530	1947
3531	1947
3531	1942
3532	1942
3532	1936
3533	1936
3533	1932
3534	1932
3534	1928
3535	1928
3535	1923
3536	1923
3536	1919
3537	1919
3537	1915
3538	1915
3538	1910
3539	1910
3539	1905
3540	1905
3540	1902
3541	1902
3541	1896
3542	1896
3542	1892
3543	1892
3543	1886
3544	1886
3544	1877
3545	1877
3545	1870
3546	1870
3546	1857
3547	1857
3547	1847
3548	1847
3548	1838
3549	1838
3549	1830
3550	1830
3550	1822
3551	1822
3551	1805
3552	1805
3552	1794
3553	1794
3553	1786
3554	1786
3554	1778
3555	1778
3555	1773
3556	1773
3556	1765
3557	1765
3557	1761
3558	1761
3558	1752
3559	1752
3559	1744
3560	1744
3560	1739
3561	1739
3561	1735
3562	1735
3562	1731
3563	1731
3563	1728
3564	1728
3564	1725
3565	1725
3565	1722
3566	1722
3566	1719
3567	1719
3567	1714
3568	1714
3568	1711
3569	1711
3569	1707
3570	1707
3570	1704
3571	1704
3571	1701
3572	1701
3572	1698
3573	1698
3573	1694
3574	1694
3574	1691
3575	1691
3575	1688
3576	1688
3576	1684
3577	1684
3577	1680
3578	1680
3578	1677
3579	1677
3579	1674
3580	1674
3580	1672
3581	1672
3581	1668
3582	1668
3582	1665
3583	1665
3583	1661
3584	1661
3584	1658
3585	1658
3585	1652
3586	1652
3586	1649
3587	1649
3587	1644
3588	1644
3588	1642
3589	1642
3589	1640
3590	1640
3590	1636
3591	1636
3591	1633
3592	1633
3592	1630
3593	1630
3593	1628
3594	1628
3594	1624
3595	1624
3595	1621
3596	1621
3596	1618
3597	1618
3597	1615
3598	1615
3598	1611
3599	1611
3599	1607
3600	1607
3600	1604
3601	1604
3601	1601
3602	1601
3602	1598
3603	1598
3603	1595
3604	1595
3604	1592
3605	1592
3605	1589
3606	1589
3606	1587
3607	1587
3607	1584
3608	1584
3608	1581
3609	1581
3609	1578
3610	1578
3610	1573
3611	1573
3611	1570
3612	1570
3612	1563
3613	1563
3613	1558
3614	1558
3614	1554
3615	1554
3615	1549
3616	1549
3616	1545
3617	1545
3617	1542
3618	1542
3618	1537
3619	1537
3619	1534
3620	1534
3620	1531
3621	1531
3621	1529
3622	1529
3622	1526
3623	1526
3623	1523
3624	1523
3624	1520
3625	1520
3625	1517
3626	1517
3626	1515
3627	1515
3627	1513
3628	1513
3628	1510
3629	1510
3629	1507
3630	1507
3630	1505
3631	1505
3631	1502
3632	1502
3632	1500
3633	1500
3633	1497
3634	1497
3634	1496
3635	1496
3635	1494
3636	1494
3636	1492
3637	1492
3637	1489
3638	1489
3638	1487
3639	1487
3639	1483
3640	1483
3640	1480
3641	1480
3641	1478
3642	1478
3642	1476
3643	1476
3643	1473
3644	1473
3644	1471
3645	1471
3645	1469
3646	1469
3646	1467
3647	1467
3647	1465
3648	1465
3648	1463
3649	1463
3649	1460
3650	1460
3650	1458
3651	1458
3651	1455
3652	1455
3652	1454
3653	1454
3653	1450
3654	1450
3654	1449
3655	1449
3655	1447
3656	1447
3656	1445
3657	1445
3657	1443
3658	1443
3658	1441
3659	1441
3659	1440
3660	1440
3660	1438
3661	1438
3661	1436
3662	1436
3662	1434
3663	1434
3663	1432
3664	1432
3664	1431
3665	1431
3665	1429
3666	1429
3666	1427
3667	1427
3667	1426
3668	1426
3668	1424
3669	1424
3669	1423
3670	1423
3670	1421
3671	1421
3671	1419
3672	1419
3672	1418
3673	1418
3673	1416
3674	1416
3674	1414
3675	1414
3675	1412
3676	1412
3676	1411
3677	1411
3677	1410
3678	1410
3678	1408
3679	1408
3679	1407
3680	1407
3680	1405
3681	1405
3681	1404
3682	1404
3682	1402
3683	1402
3683	1401
3684	1401
3684	1400
3685	1400
3685	1398
3686	1398
3686	1397
3687	1397
3687	1396
3688	1396
3688	1394
3689	1394
3689	1393
3690	1393
3690	1392
3691	1392
3691	1391
3692	1391
3692	1389
3693	1389
3693	1388
3694	1388
3694	1387
3695	1387
3695	1386
3696	1386
3696	1384
3697	1384
3697	1383
3698	1383
3698	1382
3699	1382
3699	1381
3700	1381
3700	1379
3701	1379
3701	1378
3702	1378
3702	1377
3703	1377
3703	1376
3704	1376
3704	1375
3705	1375
3705	1374
3706	1374
3706	1372
3707	1372
3707	1371
3708	1371
3708	1370
3709	1370
3709	1369
3710	1369
3710	1368
3711	1368
3711	1367
3712	1367
3712	1365
3714	1365
3714	1364
3715	1364
3715	1363
3716	1363
3716	1362
3717	1362
3717	1361
3718	1361
3718	1360
3719	1360
3719	1359
3720	1359
3720	1358
3721	1358
3721	1356
3722	1356
3722	1355
3724	1355
3724	1354
3725	1354
3725	1353
3726	1353
3726	1352
3727	1352
3727	1351
3728	1351
3728	1350
3729	1350
3729	1348
3730	1348
3730	1347
3732	1347
3732	1346
3733	1346
3733	1345
3734	1345
3734	1344
3735	1344
3735	1343
3736	1343
3736	1342
3737	1342
3737	1341
3739	1341
3739	1340
3740	1340
3740	1339
3742	1339
3742	1338
3743	1338
3743	1337
3744	1337
3744	1336
3746	1336
3746	1335
3747	1335
3747	1334
3749	1334
3749	1333
3750	1333
3750	1332
3752	1332
3752	1331
3754	1331
3754	1330
3756	1330
3756	1329
3758	1329
3758	1328
3760	1328
3760	1327
3762	1327
3762	1326
3764	1326
3764	1325
3767	1325
3767	1324
3772	1324
3772	1323
3783	1323
3783	1324
3786	1324
3786	1325
3789	1325
3789	1326
3801	1326
3801	1325
3803	1325
3803	1324
3805	1324
3805	1323
3808	1323
3808	1322
3813	1322
3813	1321
3823	1321
3823	1322
3828	1322
3828	1323
3831	1323
3831	1324
3835	1324
3835	1325
3837	1325
3837	1326
3840	1326
3840	1327
3841	1327
3841	1328
3843	1328
3843	1329
3845	1329
3845	1330
3847	1330
3847	1331
3848	1331
3848	1332
3850	1332
3850	1333
3851	1333
3851	1334
3853	1334
3853	1335
3855	1335
3855	1336
3856	1336
3856	1337
3858	1337
3858	1338
3859	1338
3859	1339
3860	1339
3860	1340
3862	1340
3862	1341
3863	1341
3863	1342
3865	1342
3865	1343
3866	1343
3866	1344
3868	1344
3868	1345
3869	1345
3869	1346
3870	1346
3870	1347
3872	1347
3872	1348
3874	1348
3874	1349
3875	1349
3875	1350
3876	1350
3876	1351
3877	1351
3877	1352
3879	1352
3879	1353
3880	1353
3880	1354
3881	1354
3881	1355
3882	1355
3882	1356
3884	1356
3884	1357
3885	1357
3885	1358
3886	1358
3886	1359
3887	1359
3887	1360
3888	1360
3888	1361
3890	1361
3890	1362
3891	1362
3891	1363
3892	1363
3892	1364
3893	1364
3893	1365
3894	1365
3894	1366
3896	1366
3896	1367
3897	1367
3897	1368
3898	1368
3898	1369
3899	1369
3899	1370
3900	1370
3900	1371
3901	1371
3901	1372
3903	1372
3903	1373
3904	1373
3904	1374
3905	1374
3905	1376
3906	1376
3906	1377
3907	1377
3907	1378
3908	1378
3908	1379
3909	1379
3909	1380
3910	1380
3910	1381
3911	1381
3911	1382
3912	1382
3912	1383
3913	1383
3913	1384
3914	1384
3914	1385
3915	1385
3915	1386
3916	1386
3916	1388
3917	1388
3917	1389
3918	1389
3918	1390
3919	1390
3919	1392
3920	1392
3920	1393
3921	1393
3921	1394
3922	1394
3922	1395
3923	1395
3923	1396
3924	1396
3924	1398
3925	1398
3925	1399
3926	1399
3926	1401
3927	1401
3927	1402
3928	1402
3928	1403
3929	1403
3929	1405
3930	1405
3930	1406
3931	1406
3931	1408
3932	1408
3932	1409
3933	1409
3933	1410
3934	1410
3934	1412
3935	1412
3935	1413
3936	1413
3936	1415
3937	1415
3937	1416
3938	1416
3938	1417
3939	1417
3939	1418
3940	1418
3940	1420
3941	1420
3941	1421
3942	1421
3942	1422
3943	1422
3943	1424
3944	1424
3944	1426
3945	1426
3945	1427
3946	1427
3946	1428
3947	1428
3947	1429
3948	1429
3948	1430
3949	1430
3949	1432
3950	1432
3950	1434
3951	1434
3951	1436
3952	1436
3952	1437
3953	1437
3953	1439
3954	1439
3954	1440
3955	1440
3955	1442
3956	1442
3956	1443
3957	1443
3957	1445
3958	1445
3958	1447
3959	1447
3959	1448
3960	1448
3960	1449
3961	1449
3961	1451
3962	1451
3962	1453
3963	1453
3963	1454
3964	1454
3964	1456
3965	1456
3965	1457
3966	1457
3966	1459
3967	1459
3967	1462
3968	1462
3968	1464
3969	1464
3969	1466
3970	1466
3970	1468
3971	1468
3971	1470
3972	1470
3972	1473
3973	1473
3973	1476
3974	1476
3974	1479
3975	1479
3975	1481
3976	1481
3976	1483
3977	1483
3977	1485
3978	1485
3978	1487
3979	1487
3979	1489
3980	1489
3980	1491
3981	1491
3981	1493
3982	1493
3982	1495
3983	1495
3983	1497
3984	1497
3984	1499
3985	1499
3985	1501
3986	1501
3986	1503
3987	1503
3987	1505
3988	1505
3988	1507
3989	1507
3989	1509
3990	1509
3990	1511
3991	1511
3991	1512
3992	1512
3992	1515
3993	1515
3993	1517
3994	1517
3994	1519
3995	1519
3995	1521
3996	1521
3996	1523
3997	1523
3997	1526
3998	1526
3998	1528
3999	1528
3999	1531
4000	1531
4000	1533
4001	1533
4001	1535
4002	1535
4002	1537
4003	1537
4003	1539
4004	1539
4004	1541
4005	1541
4005	1544
4006	1544
4006	1546
4007	1546
4007	1548
4008	1548
4008	1551
4009	1551
4009	1554
4010	1554
4010	1556
4011	1556
4011	1559
4012	1559
4012	1561
4013	1561
4013	1564
4014	1564
4014	1569
4015	1569
4015	1572
4016	1572
4016	1576
4017	1576
4017	1578
4018	1578
4018	1582
4019	1582
4019	1584
4020	1584
4020	1587
4021	1587
4021	1589
4022	1589
4022	1592
4023	1592
4023	1594
4024	1594
4024	1597
4025	1597
4025	1599
4026	1599
4026	1602
4027	1602
4027	1605
4028	1605
4028	1608
4029	1608
4029	1610
4030	1610
4030	1613
4031	1613
4031	1616
4032	1616
4032	1618
4033	1618
4033	1620
4034	1620
4034	1622
4035	1622
4035	1625
4036	1625
4036	1627
4037	1627
4037	1630
4038	1630
4038	1632
4039	1632
4039	1633
4040	1633
4040	1636
4041	1636
4041	1638
4042	1638
4042	1640
4043	1640
4043	1642
4044	1642
4044	1645
4045	1645
4045	1647
4046	1647
4046	1650
4047	1650
4047	1652
4048	1652
4048	1656
4049	1656
4049	1659
4050	1659
4050	1662
4051	1662
4051	1665
4052	1665
4052	1669
4053	1669
4053	1673
4054	1673
4054	1676
4055	1676
4055	1681
4056	1681
4056	1686
4057	1686
4057	1692
4058	1692
4058	1697
4059	1697
4059	1702
4060	1702
4060	1710
4061	1710
4061	1714
4062	1714
4062	1717
4063	1717
4063	1720
4064	1720
4064	1723
4065	1723
4065	1726
4066	1726
4066	1730
4067	1730
4067	1734
4068	1734
4068	1737
4069	1737
4069	1743
4070	1743
4070	1747
4071	1747
4071	1754
4072	1754
4072	1757
4073	1757
4073	1764
4074	1764
4074	1771
4075	1771
4075	1776
4076	1776
4076	1780
4077	1780
4077	1784
4078	1784
4078	1789
4079	1789
4079	1794
4080	1794
4080	1796
4081	1796
4081	1800
4082	1800
4082	1804
4083	1804
4083	1815
4084	1815
4084	1821
4085	1821
4085	1827
4086	1827
4086	1834
4087	1834
4087	1840
4088	1840
4088	1848
4089	1848
4089	1854
4090	1854
4090	1861
4091	1861
4091	1867
4092	1867
4092	1888
4093	1888
4093	1897
4094	1897
4094	1906
4095	1906
4095	1913
4096	1913
4096	1916
4097	1916
4097	1919
4098	1919
4098	1924
4099	1924
4099	1933
4100	1933
4100	1977
4101	1977
4101	1981
4102	1981
4102	1987
4103	1987
4103	2004
4104	2004
4104	2012
4105	2012
4105	2021
4106	2021
4106	2026
4107	2026
4107	2032
4108	2032
4108	2039
4109	2039
4109	2043
4110	2043
4110	2050
4111	2050
4111	2059
4112	2059
4112	2065
4113	2065
4113	2072
4114	2072
4114	2098
4115	2098
4115	2107
4116	2107
4116	2114
4117	2114
4117	2117
4118	2117
4118	2133
4119	2133
4119	2141
4120	2141
4120	2147
4121	2147
4121	2193
4122	2193
4122	2202
4123	2202
4123	2216
4124	2216
4124	2218
4123	2218
4123	2223
4124	2223
4124	2240
4125	2240
4125	2265
4126	2265
4126	2274
4127	2274
4127	2281
4128	2281
4128	2288
4129	2288
