2181	1235
2182	1235
2182	1240
2183	1240
2183	1247
2184	1247
2184	1259
2185	1259
2185	1277
2186	1277
2186	1282
2187	1282
2187	1289
2188	1289
2188	1301
2189	1301
2189	1310
2190	1310
2190	1320
2189	1320
2189	1333
2188	1333
2188	1353
2189	1353
2189	1358
2190	1358
2190	1365
2191	1365
2191	1374
2192	1374
2192	1381
2193	1381
2193	1386
2194	1386
2194	1392
2195	1392
2195	1399
2196	1399
2196	1416
2197	1416
2197	1424
2198	1424
2198	1430
2199	1430
2199	1434
2200	1434
2200	1439
2201	1439
2201	1444
2202	1444
2202	1450
2203	1450
2203	1457
2204	1457
2204	1465
2205	1465
2205	1506
2206	1506
2206	1513
2207	1513
2207	1521
2208	1521
2208	1528
2209	1528
2209	1537
2210	1537
2210	1541
2211	1541
2211	1548
2212	1548
2212	1560
2213	1560
2213	1581
2214	1581
2214	1606
2215	1606
2215	1628
2214	1628
2214	1653
2215	1653
2215	1659
2216	1659
2216	1665
2217	1665
2217	1670
2218	1670
2218	1673
2219	1673
2219	1677
2220	1677
2220	1683
2221	1683
2221	1688
2222	1688
2222	1691
2223	1691
2223	1695
2224	1695
2224	1699
2225	1699
2225	1705
2226	1705
2226	1709
2227	1709
2227	1713
2228	1713
2228	1717
2229	1717
2229	1723
2230	1723
2230	1729
2231	1729
2231	1733
2232	1733
2232	1737
2233	1737
2233	1741
2234	1741
2234	1745
2235	1745
2235	1747
2236	1747
2236	1750
2237	1750
2237	1753
2238	1753
2238	1757
2239	1757
2239	1759
2240	1759
2240	1762
2241	1762
2241	1765
2242	1765
2242	1768
2243	1768
2243	1771
2244	1771
2244	1773
2245	1773
2245	1777
2246	1777
2246	1781
2247	1781
2247	1785
2248	1785
2248	1789
2249	1789
2249	1794
2250	1794
2250	1797
2251	1797
2251	1802
2252	1802
2252	1805
2253	1805
2253	1809
2254	1809
2254	1812
2255	1812
2255	1816
2256	1816
2256	1840
2255	1840
2255	1875
2254	1875
2254	1891
2253	1891
2253	1899
2252	1899
2252	1924
2251	1924
2251	1942
2250	1942
2250	1943
2251	1943
2251	1945
2250	1945
2250	1948
2251	1948
2251	1950
2250	1950
2250	1952
2251	1952
2251	1963
2252	1963
2252	1973
2253	1973
2253	1983
2254	1983
2254	1998
2255	1998
2255	2010
2256	2010
2256	2017
2255	2017
2255	2019
2256	2019
2256	2027
2257	2027
2257	2029
2256	2029
2256	2030
2257	2030
2257	2041
2258	2041
2258	2068
2257	2068
2257	2081
2256	2081
2256	2086
2257	2086
2257	2089
2256	2089
2256	2109
2255	2109
2255	2118
2254	2118
2254	2125
2253	2125
2253	2130
2252	2130
2252	2135
2251	2135
2251	2141
2250	2141
2250	2152
2249	2152
2249	2169
2248	2169
2248	2179
2247	2179
2247	2185
2246	2185
2246	2189
2245	2189
2245	2194
2244	2194
2244	2198
2243	2198
2243	2205
2242	2205
2242	2211
2241	2211
2241	2217
2240	2217
2240	2222
2239	2222
2239	2227
2238	2227
2238	2231
2237	2231
2237	2236
2236	2236
2236	2239
2235	2239
2235	2241
2234	2241
2234	2242
2233	2242
2233	2244
2234	2244
2234	2246
2233	2246
2233	2248
2232	2248
2232	2253
2231	2253
2231	2254
2230	2254
2230	2259
2229	2259
2229	2263
2228	2263
2228	2266
2227	2266
2227	2267
2226	2267
2226	2270
2225	2270
2225	2276
2224	2276
2224	2283
2223	2283
2223	2288
2222	2288
2222	2292
2221	2292
2221	2296
2220	2296
2220	2299
2219	2299
2219	2302
2218	2302
2218	2305
2217	2305
2217	2308
2216	2308
2216	2311
2215	2311
2215	2314
2214	2314
2214	2318
2213	2318
2213	2323
2212	2323
2212	2327
2211	2327
2211	2330
2210	2330
2210	2332
2209	2332
2209	2334
2208	2334
2208	2338
2207	2338
2207	2342
2206	2342
2206	2346
2205	2346
2205	2349
2204	2349
2204	2353
2203	2353
2203	2355
2202	2355
2202	2358
2201	2358
2201	2359
2200	2359
2200	2362
2199	2362
2199	2364
2198	2364
2198	2367
2197	2367
2197	2369
2196	2369
2196	2373
2195	2373
2195	2378
2194	2378
2194	2381
2193	2381
2193	2383
2192	2383
2192	2385
2191	2385
2191	2388
2190	2388
2190	2392
2189	2392
2189	2395
2188	2395
2188	2398
2187	2398
2187	2403
2186	2403
2186	2408
2185	2408
2185	2411
2184	2411
2184	2412
2183	2412
2183	2415
2182	2415
2182	2419
2181	2419
2181	2422
2180	2422
2180	2424
2179	2424
2179	2429
2178	2429
2178	2436
2177	2436
2177	2441
2176	2441
2176	2442
2175	2442
2175	2445
2174	2445
2174	2452
2173	2452
2173	2457
2172	2457
2172	2462
2171	2462
2171	2469
2170	2469
2170	2484
2171	2484
2171	2486
2172	2486
2172	2488
2173	2488
2173	2490
2172	2490
2172	2491
2178	2491
2178	2492
2180	2492
2180	2494
2181	2494
2181	2498
2180	2498
2180	2499
2179	2499
2179	2501
2177	2501
2177	2502
2175	2502
2175	2503
2174	2503
2174	2518
2175	2518
2175	2520
2177	2520
2177	2523
2178	2523
2178	2527
2179	2527
2179	2529
2180	2529
2180	2532
2181	2532
2181	2533
2182	2533
2182	2535
2183	2535
2183	2536
2184	2536
2184	2537
2186	2537
2186	2539
2187	2539
2187	2540
2188	2540
2188	2541
2189	2541
2189	2542
2190	2542
2190	2543
2191	2543
2191	2544
2194	2544
2194	2545
2195	2545
2195	2546
2197	2546
2197	2547
2198	2547
2198	2548
2200	2548
2200	2549
2204	2549
2204	2550
2207	2550
2207	2551
2226	2551
2226	2550
2233	2550
2233	2549
2238	2549
2238	2548
2240	2548
2240	2547
2243	2547
2243	2546
2244	2546
2244	2547
2246	2547
2246	2546
2248	2546
2248	2545
2250	2545
2250	2544
2255	2544
2255	2543
2257	2543
2257	2542
2258	2542
2258	2541
2260	2541
2260	2540
2263	2540
2263	2539
2264	2539
2264	2538
2265	2538
2265	2537
2266	2537
2266	2536
2267	2536
2267	2535
2268	2535
2268	2534
2269	2534
2269	2533
2270	2533
2270	2532
2271	2532
2271	2531
2273	2531
2273	2530
2278	2530
2278	2531
2284	2531
2284	2530
2288	2530
2288	2531
2289	2531
2289	2530
2290	2530
2290	2529
2293	2529
2293	2528
2297	2528
2297	2527
2299	2527
2299	2526
2301	2526
2301	2525
2303	2525
2303	2524
2306	2524
2306	2523
2308	2523
2308	2522
2310	2522
2310	2521
2313	2521
2313	2520
2315	2520
2315	2519
2317	2519
2317	2518
2318	2518
2318	2517
2321	2517
2321	2516
2322	2516
2322	2515
2324	2515
2324	2514
2325	2514
2325	2513
2326	2513
2326	2512
2328	2512
2328	2511
2330	2511
2330	2510
2333	2510
2333	2508
2334	2508
2334	2507
2335	2507
2335	2506
2338	2506
2338	2505
2340	2505
2340	2504
2341	2504
2341	2503
2342	2503
2342	2502
2343	2502
2343	2501
2346	2501
2346	2500
2348	2500
2348	2499
2349	2499
2349	2498
2351	2498
2351	2497
2352	2497
2352	2496
2355	2496
2355	2495
2357	2495
2357	2494
2359	2494
2359	2493
2360	2493
2360	2492
2364	2492
2364	2491
2365	2491
2365	2490
2367	2490
2367	2489
2369	2489
2369	2488
2372	2488
2372	2487
2373	2487
2373	2486
2375	2486
2375	2485
2377	2485
2377	2484
2381	2484
2381	2483
2384	2483
2384	2482
2386	2482
2386	2481
2390	2481
2390	2480
2392	2480
2392	2479
2394	2479
2394	2478
2398	2478
2398	2477
2399	2477
2399	2476
2402	2476
2402	2475
2403	2475
2403	2474
2407	2474
2407	2473
2410	2473
2410	2472
2412	2472
2412	2471
2415	2471
2415	2470
2416	2470
2416	2469
2419	2469
2419	2468
2420	2468
2420	2467
2423	2467
2423	2466
2425	2466
2425	2465
2426	2465
2426	2464
2427	2464
2427	2463
2429	2463
2429	2462
2431	2462
2431	2461
2432	2461
2432	2460
2434	2460
2434	2459
2435	2459
2435	2458
2436	2458
2436	2457
2438	2457
2438	2456
2440	2456
2440	2455
2441	2455
2441	2454
2443	2454
2443	2453
2445	2453
2445	2452
2447	2452
2447	2451
2449	2451
2449	2450
2451	2450
2451	2449
2452	2449
2452	2448
2454	2448
2454	2447
2457	2447
2457	2446
2458	2446
2458	2445
2460	2445
2460	2444
2461	2444
2461	2443
2463	2443
2463	2442
2465	2442
2465	2441
2467	2441
2467	2440
2468	2440
2468	2439
2470	2439
2470	2438
2471	2438
2471	2437
2473	2437
2473	2436
2475	2436
2475	2435
2477	2435
2477	2434
2478	2434
2478	2433
2479	2433
2479	2432
2481	2432
2481	2431
2483	2431
2483	2430
2485	2430
2485	2429
2486	2429
2486	2428
2488	2428
2488	2427
2489	2427
2489	2425
2490	2425
2490	2426
2493	2426
2493	2425
2494	2425
2494	2424
2496	2424
2496	2423
2497	2423
2497	2422
2499	2422
2499	2423
2500	2423
2500	2422
2501	2422
2501	2421
2503	2421
2503	2420
2505	2420
2505	2418
2510	2418
2510	2417
2511	2417
2511	2416
2513	2416
2513	2415
2515	2415
2515	2414
2518	2414
2518	2413
2520	2413
2520	2412
2522	2412
2522	2411
2523	2411
2523	2410
2527	2410
2527	2409
2529	2409
2529	2408
2534	2408
2534	2407
2537	2407
2537	2406
2543	2406
2543	2405
2547	2405
2547	2404
2551	2404
2551	2403
2555	2403
2555	2402
2563	2402
2563	2401
2570	2401
2570	2400
2578	2400
2578	2399
2582	2399
2582	2398
2590	2398
2590	2397
2598	2397
2598	2396
2601	2396
2601	2395
2603	2395
2603	2394
2605	2394
2605	2393
2607	2393
2607	2392
2610	2392
2610	2391
2612	2391
2612	2390
2614	2390
2614	2389
2616	2389
2616	2388
2619	2388
2619	2387
2621	2387
2621	2386
2623	2386
2623	2385
2625	2385
2625	2384
2628	2384
2628	2383
2630	2383
2630	2382
2632	2382
2632	2381
2634	2381
2634	2380
2637	2380
2637	2379
2638	2379
2638	2378
2640	2378
2640	2377
2641	2377
2641	2376
2644	2376
2644	2375
2646	2375
2646	2374
2649	2374
2649	2373
2650	2373
2650	2372
2654	2372
2654	2371
2655	2371
2655	2370
2657	2370
2657	2369
2659	2369
2659	2368
2662	2368
2662	2367
2665	2367
2665	2366
2666	2366
2666	2365
2667	2365
2667	2364
2671	2364
2671	2363
2673	2363
2673	2362
2675	2362
2675	2361
2680	2361
2680	2360
2683	2360
2683	2359
2684	2359
2684	2358
2687	2358
2687	2357
2690	2357
2690	2356
2692	2356
2692	2355
2697	2355
2697	2354
2699	2354
2699	2353
2703	2353
2703	2352
2706	2352
2706	2351
2710	2351
2710	2350
2715	2350
2715	2349
2717	2349
2717	2348
2722	2348
2722	2347
2724	2347
2724	2346
2727	2346
2727	2345
2731	2345
2731	2344
2735	2344
2735	2343
2740	2343
2740	2342
2744	2342
2744	2341
2747	2341
2747	2340
2750	2340
2750	2339
2753	2339
2753	2338
2756	2338
2756	2337
2758	2337
2758	2336
2762	2336
2762	2335
2765	2335
2765	2334
2766	2334
2766	2333
2769	2333
2769	2332
2770	2332
2770	2331
2774	2331
2774	2330
2778	2330
2778	2329
2780	2329
2780	2328
2783	2328
2783	2327
2784	2327
2784	2326
2785	2326
2785	2325
2791	2325
2791	2324
2794	2324
2794	2323
2798	2323
2798	2322
2801	2322
2801	2321
2808	2321
2808	2320
2813	2320
2813	2319
2819	2319
2819	2318
2824	2318
2824	2317
2828	2317
2828	2316
2833	2316
2833	2315
2836	2315
2836	2314
2840	2314
2840	2313
2843	2313
2843	2312
2846	2312
2846	2311
2850	2311
2850	2310
2852	2310
2852	2309
2857	2309
2857	2308
2861	2308
2861	2307
2865	2307
2865	2306
2868	2306
2868	2305
2871	2305
2871	2304
2876	2304
2876	2303
2879	2303
2879	2302
2883	2302
2883	2301
2885	2301
2885	2300
2887	2300
2887	2299
2891	2299
2891	2298
2893	2298
2893	2297
2895	2297
2895	2296
2897	2296
2897	2295
2898	2295
2898	2296
2900	2296
2900	2294
2902	2294
2902	2293
2903	2293
2903	2292
2906	2292
2906	2291
2910	2291
2910	2290
2913	2290
2913	2289
2919	2289
2919	2288
2924	2288
2924	2287
2928	2287
2928	2286
2930	2286
2930	2285
2935	2285
2935	2284
2938	2284
2938	2283
2942	2283
2942	2282
2946	2282
2946	2281
2950	2281
2950	2280
2955	2280
2955	2279
2961	2279
2961	2278
2967	2278
2967	2277
2971	2277
2971	2276
2976	2276
2976	2275
2980	2275
2980	2274
2985	2274
2985	2273
2991	2273
2991	2272
2999	2272
2999	2271
3006	2271
3006	2270
3012	2270
3012	2269
3022	2269
3022	2268
3041	2268
3041	2267
3053	2267
3053	2266
3064	2266
3064	2265
3065	2265
3065	2266
3067	2266
3067	2265
3092	2265
3092	2264
3097	2264
3097	2263
3100	2263
3100	2262
3104	2262
3104	2261
3107	2261
3107	2260
3110	2260
3110	2259
3114	2259
3114	2258
3118	2258
3118	2257
3123	2257
3123	2256
3127	2256
3127	2255
3133	2255
3133	2254
3140	2254
3140	2253
3148	2253
3148	2252
3153	2252
3153	2251
3162	2251
3162	2250
3168	2250
3168	2249
3174	2249
3174	2248
3177	2248
3177	2247
3184	2247
3184	2246
3201	2246
3201	2245
3220	2245
3220	2244
3265	2244
3265	2243
3277	2243
3277	2242
3304	2242
3304	2243
3314	2243
3314	2244
3315	2244
3315	2243
3316	2243
3316	2244
3320	2244
3320	2245
3321	2245
3321	2244
3337	2244
3337	2245
3338	2245
3338	2244
3342	2244
3342	2245
3356	2245
3356	2246
3361	2246
3361	2247
3365	2247
3365	2248
3371	2248
3371	2249
3373	2249
3373	2250
3375	2250
3375	2251
3378	2251
3378	2252
3383	2252
3383	2253
3385	2253
3385	2254
3388	2254
3388	2255
3393	2255
3393	2256
3397	2256
3397	2257
3400	2257
3400	2258
3403	2258
3403	2259
3406	2259
3406	2260
3410	2260
3410	2261
3412	2261
3412	2262
3414	2262
3414	2263
3418	2263
3418	2264
3419	2264
3419	2265
3422	2265
3422	2266
3423	2266
3423	2267
3424	2267
3424	2268
3428	2268
3428	2269
3429	2269
3429	2270
3430	2270
3430	2272
3431	2272
3431	2273
3432	2273
3432	2274
3434	2274
3434	2275
3436	2275
3436	2277
3437	2277
3437	2278
3438	2278
3438	2279
3439	2279
3439	2280
3440	2280
3440	2281
3441	2281
3441	2282
3442	2282
3442	2283
3443	2283
3443	2284
3444	2284
3444	2286
3445	2286
3445	2288
3446	2288
3446	2289
3447	2289
3447	2291
3448	2291
3448	2293
3449	2293
3449	2297
3450	2297
3450	2306
3452	2306
3452	2307
3453	2307
3453	2308
3452	2308
3452	2312
3453	2312
3453	2314
3454	2314
3454	2317
3455	2317
3455	2329
3454	2329
3454	2334
3453	2334
3453	2337
3452	2337
3452	2339
3451	2339
3451	2341
3450	2341
3450	2344
3449	2344
3449	2345
3448	2345
3448	2347
3447	2347
3447	2349
3446	2349
3446	2351
3445	2351
3445	2353
3444	2353
3444	2355
3443	2355
3443	2356
3442	2356
3442	2358
3441	2358
3441	2359
3440	2359
3440	2361
3439	2361
3439	2362
3438	2362
3438	2363
3437	2363
3437	2365
3436	2365
3436	2367
3435	2367
3435	2368
3434	2368
3434	2369
3433	2369
3433	2370
3432	2370
3432	2372
3431	2372
3431	2373
3429	2373
3429	2374
3428	2374
3428	2375
3427	2375
3427	2376
3426	2376
3426	2377
3425	2377
3425	2378
3424	2378
3424	2379
3423	2379
3423	2381
3422	2381
3422	2382
3421	2382
3421	2383
3420	2383
3420	2384
3419	2384
3419	2385
3418	2385
3418	2386
3417	2386
3417	2387
3416	2387
3416	2388
3415	2388
3415	2389
3414	2389
3414	2390
3413	2390
3413	2391
3412	2391
3412	2392
3411	2392
3411	2393
3409	2393
3409	2394
3408	2394
3408	2395
3407	2395
3407	2396
3406	2396
3406	2397
3405	2397
3405	2398
3404	2398
3404	2399
3403	2399
3403	2400
3401	2400
3401	2401
3400	2401
3400	2402
3399	2402
3399	2403
3398	2403
3398	2404
3397	2404
3397	2405
3396	2405
3396	2406
3394	2406
3394	2407
3393	2407
3393	2408
3392	2408
3392	2409
3390	2409
3390	2410
3389	2410
3389	2411
3388	2411
3388	2412
3387	2412
3387	2413
3386	2413
3386	2414
3384	2414
3384	2415
3383	2415
3383	2416
3381	2416
3381	2417
3380	2417
3380	2418
3379	2418
3379	2419
3377	2419
3377	2420
3375	2420
3375	2421
3373	2421
3373	2422
3371	2422
3371	2423
3369	2423
3369	2424
3368	2424
3368	2425
3366	2425
3366	2426
3364	2426
3364	2427
3362	2427
3362	2428
3361	2428
3361	2429
3359	2429
3359	2430
3357	2430
3357	2431
3355	2431
3355	2432
3354	2432
3354	2433
3352	2433
3352	2434
3350	2434
3350	2435
3349	2435
3349	2436
3347	2436
3347	2437
3346	2437
3346	2438
3344	2438
3344	2439
3343	2439
3343	2440
3341	2440
3341	2441
3340	2441
3340	2442
3338	2442
3338	2443
3337	2443
3337	2444
3335	2444
3335	2445
3334	2445
3334	2446
3332	2446
3332	2447
3330	2447
3330	2448
3329	2448
3329	2449
3326	2449
3326	2450
3324	2450
3324	2451
3320	2451
3320	2452
3318	2452
3318	2453
3316	2453
3316	2454
3313	2454
3313	2455
3309	2455
3309	2456
3307	2456
3307	2457
3304	2457
3304	2458
3302	2458
3302	2459
3299	2459
3299	2460
3297	2460
3297	2461
3294	2461
3294	2462
3292	2462
3292	2463
3289	2463
3289	2464
3286	2464
3286	2465
3284	2465
3284	2466
3283	2466
3283	2467
3281	2467
3281	2468
3279	2468
3279	2469
3277	2469
3277	2470
3276	2470
3276	2471
3274	2471
3274	2472
3273	2472
3273	2473
3270	2473
3270	2474
3268	2474
3268	2475
3265	2475
3265	2476
3263	2476
3263	2477
3261	2477
3261	2478
3258	2478
3258	2479
3256	2479
3256	2480
3254	2480
3254	2481
3252	2481
3252	2482
3250	2482
3250	2483
3248	2483
3248	2484
3246	2484
3246	2485
3244	2485
3244	2486
3242	2486
3242	2487
3239	2487
3239	2488
3237	2488
3237	2489
3235	2489
3235	2490
3234	2490
3234	2491
3232	2491
3232	2492
3230	2492
3230	2493
3228	2493
3228	2494
3226	2494
3226	2495
3224	2495
3224	2496
3223	2496
3223	2497
3221	2497
3221	2498
3219	2498
3219	2499
3217	2499
3217	2500
3216	2500
3216	2501
3213	2501
3213	2502
3211	2502
3211	2503
3209	2503
3209	2504
3207	2504
3207	2505
3205	2505
3205	2506
3203	2506
3203	2507
3201	2507
3201	2508
3199	2508
3199	2509
3198	2509
3198	2510
3196	2510
3196	2511
3194	2511
3194	2512
3192	2512
3192	2513
3190	2513
3190	2514
3188	2514
3188	2515
3185	2515
3185	2516
3182	2516
3182	2517
3180	2517
3180	2518
3178	2518
3178	2519
3176	2519
3176	2520
3174	2520
3174	2521
3172	2521
3172	2522
3169	2522
3169	2523
3166	2523
3166	2524
3163	2524
3163	2525
3160	2525
3160	2526
3157	2526
3157	2527
3151	2527
3151	2528
3148	2528
3148	2529
3144	2529
3144	2530
3142	2530
3142	2531
3139	2531
3139	2532
3137	2532
3137	2533
3135	2533
3135	2534
3132	2534
3132	2535
3129	2535
3129	2536
3128	2536
3128	2537
3125	2537
3125	2538
3123	2538
3123	2539
3120	2539
3120	2540
3118	2540
3118	2541
3114	2541
3114	2542
3112	2542
3112	2543
3109	2543
3109	2544
3107	2544
3107	2545
3105	2545
3105	2546
3104	2546
3104	2547
3101	2547
3101	2548
3099	2548
3099	2549
3097	2549
3097	2550
3095	2550
3095	2551
3092	2551
3092	2552
3090	2552
3090	2553
3087	2553
3087	2554
3085	2554
3085	2555
3082	2555
3082	2556
3080	2556
3080	2557
3078	2557
3078	2558
3077	2558
3077	2559
3075	2559
3075	2560
3074	2560
3074	2561
3072	2561
3072	2562
3069	2562
3069	2563
3067	2563
3067	2564
3065	2564
3065	2565
3063	2565
3063	2566
3062	2566
3062	2567
3061	2567
3061	2568
3059	2568
3059	2569
3058	2569
3058	2570
3057	2570
3057	2571
3055	2571
3055	2572
3053	2572
3053	2573
3052	2573
3052	2574
3050	2574
3050	2575
3049	2575
3049	2576
3047	2576
3047	2577
3045	2577
3045	2578
3043	2578
3043	2579
3040	2579
3040	2580
3039	2580
3039	2581
3037	2581
3037	2582
3035	2582
3035	2583
3033	2583
3033	2584
3031	2584
3031	2585
3029	2585
3029	2586
3027	2586
3027	2587
3024	2587
3024	2588
3021	2588
3021	2589
3019	2589
3019	2590
3016	2590
3016	2591
3014	2591
3014	2592
3012	2592
3012	2593
3009	2593
3009	2594
3007	2594
3007	2595
3005	2595
3005	2596
3003	2596
3003	2597
3001	2597
3001	2598
2999	2598
2999	2599
2997	2599
2997	2600
2994	2600
2994	2601
2991	2601
2991	2602
2987	2602
2987	2603
2984	2603
2984	2604
2980	2604
2980	2605
2976	2605
2976	2606
2973	2606
2973	2607
2970	2607
2970	2608
2967	2608
2967	2609
2965	2609
2965	2610
2963	2610
2963	2611
2960	2611
2960	2612
2958	2612
2958	2613
2956	2613
2956	2614
2955	2614
2955	2615
2952	2615
2952	2616
2950	2616
2950	2617
2948	2617
2948	2618
2946	2618
2946	2619
2943	2619
2943	2620
2940	2620
2940	2621
2937	2621
2937	2622
2934	2622
2934	2623
2930	2623
2930	2624
2926	2624
2926	2625
2923	2625
2923	2626
2920	2626
2920	2627
2918	2627
2918	2628
2915	2628
2915	2629
2912	2629
2912	2630
2909	2630
2909	2631
2905	2631
2905	2632
2902	2632
2902	2633
2899	2633
2899	2634
2896	2634
2896	2635
2894	2635
2894	2636
2891	2636
2891	2637
2888	2637
2888	2638
2886	2638
2886	2639
2884	2639
2884	2640
2882	2640
2882	2641
2879	2641
2879	2642
2877	2642
2877	2643
2875	2643
2875	2644
2873	2644
2873	2645
2871	2645
2871	2646
2869	2646
2869	2647
2868	2647
2868	2648
2866	2648
2866	2649
2865	2649
2865	2650
2863	2650
2863	2651
2862	2651
2862	2652
2860	2652
2860	2653
2858	2653
2858	2654
2857	2654
2857	2655
2854	2655
2854	2656
2853	2656
2853	2657
2851	2657
2851	2658
2849	2658
2849	2659
2846	2659
2846	2660
2844	2660
2844	2661
2842	2661
2842	2662
2839	2662
2839	2663
2836	2663
2836	2664
2834	2664
2834	2665
2831	2665
2831	2666
2828	2666
2828	2667
2825	2667
2825	2668
2822	2668
2822	2669
2820	2669
2820	2670
2818	2670
2818	2671
2816	2671
2816	2672
2815	2672
2815	2673
2812	2673
2812	2674
2810	2674
2810	2675
2808	2675
2808	2676
2806	2676
2806	2677
2804	2677
2804	2678
2802	2678
2802	2679
2800	2679
2800	2680
2798	2680
2798	2681
2797	2681
2797	2682
2795	2682
2795	2683
2793	2683
2793	2684
2792	2684
2792	2685
2790	2685
2790	2686
2788	2686
2788	2687
2786	2687
2786	2688
2785	2688
2785	2689
2783	2689
2783	2690
2782	2690
2782	2691
2779	2691
2779	2692
2777	2692
2777	2693
2775	2693
2775	2694
2773	2694
2773	2695
2770	2695
2770	2696
2768	2696
2768	2697
2767	2697
2767	2698
2765	2698
2765	2699
2762	2699
2762	2700
2760	2700
2760	2701
2757	2701
2757	2702
2754	2702
2754	2703
2752	2703
2752	2704
2750	2704
2750	2705
2747	2705
2747	2706
2745	2706
2745	2707
2743	2707
2743	2708
2741	2708
2741	2709
2739	2709
2739	2710
2737	2710
2737	2711
2735	2711
2735	2712
2733	2712
2733	2713
2731	2713
2731	2714
2729	2714
2729	2715
2726	2715
2726	2716
2724	2716
2724	2717
2722	2717
2722	2718
2720	2718
2720	2719
2718	2719
2718	2720
2716	2720
2716	2721
2715	2721
2715	2722
2714	2722
2714	2723
2712	2723
2712	2724
2710	2724
2710	2725
2709	2725
2709	2726
2707	2726
2707	2727
2706	2727
2706	2728
2705	2728
2705	2729
2703	2729
2703	2730
2701	2730
2701	2731
2700	2731
2700	2732
2698	2732
2698	2733
2697	2733
2697	2734
2695	2734
2695	2735
2693	2735
2693	2736
2691	2736
2691	2737
2689	2737
2689	2738
2687	2738
2687	2739
2684	2739
2684	2740
2683	2740
2683	2741
2681	2741
2681	2742
2679	2742
2679	2743
2678	2743
2678	2744
2676	2744
2676	2745
2674	2745
2674	2746
2673	2746
2673	2747
2671	2747
2671	2748
2670	2748
2670	2749
2668	2749
2668	2750
2666	2750
2666	2751
2664	2751
2664	2752
2663	2752
2663	2753
2660	2753
2660	2754
2658	2754
2658	2755
2657	2755
2657	2756
2655	2756
2655	2757
2653	2757
2653	2758
2651	2758
2651	2759
2649	2759
2649	2760
2648	2760
2648	2761
2646	2761
2646	2762
2644	2762
2644	2763
2641	2763
2641	2764
2640	2764
2640	2765
2638	2765
2638	2766
2636	2766
2636	2767
2633	2767
2633	2768
2632	2768
2632	2769
2629	2769
2629	2770
2628	2770
2628	2771
2625	2771
2625	2772
2624	2772
2624	2773
2621	2773
2621	2774
2620	2774
2620	2775
2616	2775
2616	2776
2614	2776
2614	2777
2612	2777
2612	2778
2610	2778
2610	2779
2607	2779
2607	2780
2604	2780
2604	2781
2601	2781
2601	2782
2600	2782
2600	2783
2598	2783
2598	2784
2596	2784
2596	2785
2594	2785
2594	2786
2591	2786
2591	2787
2589	2787
2589	2788
2588	2788
2588	2789
2586	2789
2586	2790
2583	2790
2583	2791
2581	2791
2581	2792
2580	2792
2580	2793
2578	2793
2578	2794
2577	2794
2577	2795
2575	2795
2575	2796
2572	2796
2572	2797
2570	2797
2570	2798
2566	2798
2566	2799
2562	2799
2562	2800
2559	2800
2559	2801
2554	2801
2554	2802
2551	2802
2551	2803
2546	2803
2546	2804
2542	2804
2542	2805
2538	2805
2538	2806
2535	2806
2535	2807
2530	2807
2530	2808
2527	2808
2527	2809
2521	2809
2521	2810
2517	2810
2517	2811
2514	2811
2514	2812
2512	2812
2512	2813
2510	2813
2510	2814
2508	2814
2508	2815
2506	2815
2506	2816
2504	2816
2504	2817
2502	2817
2502	2818
2500	2818
2500	2819
2497	2819
2497	2820
2494	2820
2494	2821
2492	2821
2492	2822
2490	2822
2490	2823
2488	2823
2488	2824
2487	2824
2487	2825
2485	2825
2485	2826
2483	2826
2483	2827
2481	2827
2481	2828
2479	2828
2479	2829
2477	2829
2477	2830
2475	2830
2475	2831
2472	2831
2472	2832
2469	2832
2469	2833
2466	2833
2466	2834
2464	2834
2464	2835
2461	2835
2461	2836
2459	2836
2459	2837
2456	2837
2456	2838
2454	2838
2454	2839
2452	2839
2452	2840
2451	2840
2451	2841
2449	2841
2449	2842
2447	2842
2447	2843
2445	2843
2445	2844
2444	2844
2444	2845
2442	2845
2442	2846
2440	2846
2440	2847
2438	2847
2438	2848
2435	2848
2435	2849
2433	2849
2433	2850
2431	2850
2431	2851
2428	2851
2428	2852
2426	2852
2426	2853
2423	2853
2423	2854
2420	2854
2420	2855
2417	2855
2417	2856
2415	2856
2415	2857
2412	2857
2412	2858
2410	2858
2410	2859
2408	2859
2408	2860
2407	2860
2407	2861
2406	2861
2406	2862
2404	2862
2404	2865
2403	2865
2403	2866
2402	2866
2402	2867
2401	2867
2401	2868
2399	2868
2399	2869
2396	2869
2396	2870
2393	2870
2393	2871
2389	2871
2389	2872
2383	2872
2383	2873
2377	2873
2377	2874
2373	2874
2373	2875
2369	2875
2369	2876
2364	2876
2364	2877
2361	2877
2361	2878
2357	2878
2357	2879
2352	2879
2352	2880
2349	2880
2349	2881
2345	2881
2345	2882
2342	2882
2342	2883
2337	2883
2337	2884
2333	2884
2333	2885
2330	2885
2330	2886
2326	2886
2326	2887
2323	2887
2323	2888
2322	2888
2322	2891
2321	2891
2321	2892
2320	2892
2320	2893
2319	2893
2319	2894
2318	2894
2318	2895
2317	2895
2317	2896
2316	2896
2316	2897
2314	2897
2314	2898
2312	2898
2312	2899
2308	2899
2308	2900
2291	2900
2291	2899
2284	2899
2284	2898
2279	2898
2279	2897
2276	2897
2276	2896
2273	2896
2273	2895
2266	2895
2266	2894
2256	2894
2256	2895
2255	2895
2255	2894
2254	2894
2254	2895
2252	2895
2252	2894
2250	2894
2250	2895
2237	2895
2237	2896
2230	2896
2230	2897
2224	2897
2224	2898
2221	2898
2221	2900
2220	2900
2220	2901
2217	2901
2217	2902
2214	2902
2214	2903
2211	2903
2211	2904
2199	2904
2199	2903
2194	2903
2194	2902
2190	2902
2190	2901
2187	2901
2187	2900
2182	2900
2182	2899
2179	2899
2179	2898
2174	2898
2174	2897
2170	2897
2170	2896
2167	2896
2167	2895
2163	2895
2163	2894
2156	2894
2156	2893
2150	2893
2150	2892
2143	2892
2143	2891
2127	2891
2127	2890
2110	2890
2110	2889
2101	2889
2101	2888
2096	2888
2096	2887
2092	2887
2092	2886
2088	2886
2088	2885
2085	2885
2085	2884
2081	2884
2081	2883
2078	2883
2078	2882
2075	2882
2075	2881
2070	2881
2070	2880
2068	2880
2068	2879
2063	2879
2063	2878
2061	2878
2061	2877
2059	2877
2059	2876
2056	2876
2056	2875
2054	2875
2054	2874
2052	2874
2052	2873
2050	2873
2050	2872
2046	2872
2046	2871
2044	2871
2044	2870
2043	2870
2043	2869
2041	2869
2041	2868
2038	2868
2038	2867
2036	2867
2036	2866
2035	2866
2035	2865
2033	2865
2033	2864
2032	2864
2032	2863
2028	2863
2028	2862
2024	2862
2024	2863
2020	2863
2020	2864
2006	2864
2006	2863
2004	2863
2004	2862
2001	2862
2001	2861
2000	2861
2000	2859
1999	2859
1999	2858
1998	2858
1998	2856
1996	2856
1996	2855
1992	2855
1992	2856
1990	2856
1990	2857
1986	2857
1986	2858
1984	2858
1984	2859
1982	2859
1982	2860
1981	2860
1981	2861
1977	2861
1977	2862
1975	2862
1975	2863
1971	2863
1971	2864
1967	2864
1967	2865
1964	2865
1964	2866
1961	2866
1961	2867
1958	2867
1958	2868
1954	2868
1954	2869
1950	2869
1950	2870
1948	2870
1948	2871
1944	2871
1944	2872
1943	2872
1943	2873
1941	2873
1941	2874
1940	2874
1940	2875
1939	2875
1939	2876
1936	2876
1936	2877
1935	2877
1935	2878
1934	2878
1934	2879
1933	2879
1933	2880
1932	2880
1932	2881
1931	2881
1931	2883
1930	2883
1930	2885
1927	2885
1927	2887
1926	2887
1926	2888
1925	2888
1925	2889
1924	2889
1924	2890
1923	2890
1923	2891
1922	2891
1922	2892
1919	2892
1919	2893
1918	2893
1918	2894
1916	2894
1916	2895
1914	2895
1914	2896
1907	2896
1907	2895
1906	2895
1906	2894
1899	2894
1899	2895
1897	2895
1897	2896
1895	2896
1895	2897
1892	2897
1892	2898
1891	2898
1891	2899
1889	2899
1889	2900
1888	2900
1888	2901
1885	2901
1885	2902
1883	2902
1883	2903
1882	2903
1882	2904
1880	2904
1880	2905
1879	2905
1879	2906
1877	2906
1877	2907
1875	2907
1875	2908
1873	2908
1873	2909
1872	2909
1872	2910
1871	2910
1871	2911
1867	2911
1867	2912
1865	2912
1865	2913
1864	2913
1864	2914
1862	2914
1862	2915
1859	2915
1859	2916
1857	2916
1857	2917
1854	2917
1854	2918
1852	2918
1852	2919
1849	2919
1849	2920
1848	2920
1848	2921
1845	2921
1845	2922
1841	2922
1841	2923
1838	2923
1838	2924
1835	2924
1835	2925
1830	2925
1830	2926
1829	2926
1829	2927
1828	2927
1828	2928
1825	2928
1825	2929
1823	2929
1823	2930
1821	2930
1821	2931
1818	2931
1818	2932
1816	2932
1816	2933
1814	2933
1814	2934
1813	2934
1813	2935
1810	2935
1810	2936
1807	2936
1807	2937
1804	2937
1804	2938
1800	2938
1800	2939
1798	2939
1798	2940
1796	2940
1796	2941
1791	2941
1791	2942
1788	2942
1788	2943
1782	2943
1782	2945
1778	2945
1778	2946
1775	2946
1775	2947
1772	2947
1772	2948
1767	2948
1767	2949
1764	2949
1764	2950
1761	2950
1761	2951
1757	2951
1757	2952
1755	2952
1755	2953
1752	2953
1752	2954
1748	2954
1748	2955
1743	2955
1743	2956
1740	2956
1740	2957
1736	2957
1736	2958
1734	2958
1734	2959
1731	2959
1731	2960
1728	2960
1728	2961
1724	2961
1724	2962
1721	2962
1721	2963
1717	2963
1717	2964
1713	2964
1713	2965
1710	2965
1710	2966
1705	2966
1705	2967
1702	2967
1702	2968
1695	2968
1695	2969
1688	2969
1688	2970
1680	2970
1680	2969
1675	2969
1675	2968
1671	2968
1671	2967
1668	2967
1668	2966
1666	2966
1666	2965
1662	2965
1662	2964
1660	2964
1660	2963
1658	2963
1658	2962
1660	2962
1660	2961
1662	2961
1662	2959
1661	2959
1661	2954
1660	2954
1660	2950
1659	2950
1659	2948
1658	2948
1658	2947
1656	2947
1656	2946
1655	2946
1655	2945
1653	2945
1653	2944
1652	2944
1652	2943
1650	2943
1650	2942
1648	2942
1648	2941
1646	2941
1646	2940
1644	2940
1644	2939
1641	2939
1641	2938
1638	2938
1638	2937
1636	2937
1636	2936
1633	2936
1633	2935
1630	2935
1630	2934
1628	2934
1628	2933
1626	2933
1626	2932
1624	2932
1624	2931
1620	2931
1620	2930
1619	2930
1619	2929
1616	2929
1616	2928
1612	2928
1612	2927
1609	2927
1609	2926
1606	2926
1606	2925
1603	2925
1603	2924
1601	2924
1601	2923
1598	2923
1598	2922
1595	2922
1595	2921
1592	2921
1592	2920
1589	2920
1589	2919
1587	2919
1587	2918
1585	2918
1585	2917
1582	2917
1582	2916
1579	2916
1579	2915
1575	2915
1575	2914
1571	2914
1571	2913
1569	2913
1569	2912
1567	2912
1567	2911
1564	2911
1564	2910
1561	2910
1561	2909
1558	2909
1558	2908
1554	2908
1554	2907
1550	2907
1550	2906
1548	2906
1548	2905
1544	2905
1544	2904
1542	2904
1542	2903
1539	2903
1539	2902
1537	2902
1537	2901
1534	2901
1534	2900
1532	2900
1532	2899
1530	2899
1530	2898
1527	2898
1527	2897
1523	2897
1523	2896
1520	2896
1520	2895
1517	2895
1517	2894
1512	2894
1512	2893
1509	2893
1509	2892
1505	2892
1505	2891
1502	2891
1502	2890
1500	2890
1500	2889
1497	2889
1497	2888
1494	2888
1494	2887
1490	2887
1490	2886
1485	2886
1485	2885
1478	2885
1478	2884
1475	2884
1475	2883
1469	2883
1469	2882
1466	2882
1466	2881
1462	2881
1462	2880
1459	2880
1459	2879
1456	2879
1456	2878
1452	2878
1452	2877
1449	2877
1449	2876
1445	2876
1445	2875
1441	2875
1441	2874
1439	2874
1439	2873
1436	2873
1436	2872
1434	2872
1434	2871
1432	2871
1432	2870
1430	2870
1430	2869
1427	2869
1427	2868
1426	2868
1426	2867
1423	2867
1423	2866
1420	2866
1420	2865
1417	2865
1417	2864
1415	2864
1415	2863
1412	2863
1412	2862
1409	2862
1409	2861
1407	2861
1407	2860
1405	2860
1405	2859
1403	2859
1403	2858
1402	2858
1402	2857
1400	2857
1400	2856
1398	2856
1398	2855
1396	2855
1396	2854
1393	2854
1393	2853
1391	2853
1391	2852
1389	2852
1389	2851
1387	2851
1387	2850
1385	2850
1385	2849
1383	2849
1383	2848
1381	2848
1381	2847
1379	2847
1379	2846
1378	2846
1378	2845
1375	2845
1375	2844
1373	2844
1373	2843
1371	2843
1371	2842
1369	2842
1369	2841
1367	2841
1367	2840
1365	2840
1365	2839
1363	2839
1363	2838
1361	2838
1361	2837
1359	2837
1359	2836
1357	2836
1357	2835
1355	2835
1355	2834
1354	2834
1354	2833
1353	2833
1353	2832
1351	2832
1351	2831
1350	2831
1350	2830
1349	2830
1349	2829
1347	2829
1347	2828
1346	2828
1346	2827
1345	2827
1345	2826
1344	2826
1344	2825
1342	2825
1342	2824
1340	2824
1340	2823
1339	2823
1339	2822
1338	2822
1338	2821
1337	2821
1337	2820
1336	2820
1336	2819
1335	2819
1335	2818
1334	2818
1334	2817
1332	2817
1332	2816
1331	2816
1331	2814
1329	2814
1329	2813
1328	2813
1328	2812
1327	2812
1327	2810
1325	2810
1325	2809
1324	2809
1324	2807
1323	2807
1323	2806
1322	2806
1322	2805
1321	2805
1321	2804
1319	2804
1319	2803
1318	2803
1318	2802
1317	2802
1317	2801
1315	2801
1315	2800
1314	2800
1314	2799
1313	2799
1313	2798
1312	2798
1312	2797
1310	2797
1310	2796
1309	2796
1309	2795
1307	2795
1307	2794
1306	2794
1306	2793
1304	2793
1304	2792
1303	2792
1303	2791
1301	2791
1301	2790
1298	2790
1298	2789
1297	2789
1297	2788
1295	2788
1295	2787
1294	2787
1294	2786
1292	2786
1292	2785
1290	2785
1290	2784
1288	2784
1288	2783
1286	2783
1286	2782
1285	2782
1285	2781
1283	2781
1283	2780
1281	2780
1281	2779
1279	2779
1279	2778
1278	2778
1278	2777
1276	2777
1276	2776
1274	2776
1274	2775
1272	2775
1272	2774
1270	2774
1270	2773
1268	2773
1268	2772
1266	2772
1266	2771
1263	2771
1263	2770
1261	2770
1261	2769
1259	2769
1259	2768
1258	2768
1258	2767
1256	2767
1256	2766
1254	2766
1254	2765
1252	2765
1252	2764
1250	2764
1250	2763
1248	2763
1248	2762
1246	2762
1246	2761
1243	2761
1243	2760
1241	2760
1241	2759
1237	2759
1237	2758
1235	2758
1235	2757
1232	2757
1232	2756
1230	2756
1230	2755
1227	2755
1227	2754
1224	2754
1224	2753
1222	2753
1222	2752
1220	2752
1220	2751
1219	2751
1219	2750
1217	2750
1217	2749
1214	2749
1214	2748
1212	2748
1212	2747
1210	2747
1210	2746
1208	2746
1208	2745
1206	2745
1206	2744
1205	2744
1205	2743
1203	2743
1203	2742
1201	2742
1201	2741
1200	2741
1200	2740
1198	2740
1198	2739
1197	2739
1197	2738
1195	2738
1195	2737
1194	2737
1194	2736
1193	2736
1193	2735
1191	2735
1191	2734
1189	2734
1189	2733
1187	2733
1187	2732
1186	2732
1186	2731
1184	2731
1184	2730
1182	2730
1182	2729
1180	2729
1180	2728
1179	2728
1179	2727
1177	2727
1177	2726
1176	2726
1176	2725
1174	2725
1174	2724
1172	2724
1172	2723
1170	2723
1170	2722
1169	2722
1169	2721
1167	2721
1167	2720
1165	2720
1165	2719
1163	2719
1163	2718
1161	2718
1161	2717
1159	2717
1159	2716
1157	2716
1157	2715
1156	2715
1156	2714
1155	2714
1155	2713
1153	2713
1153	2712
1152	2712
1152	2711
1151	2711
1151	2710
1149	2710
1149	2709
1147	2709
1147	2708
1145	2708
1145	2707
1143	2707
1143	2706
1142	2706
1142	2705
1140	2705
1140	2704
1139	2704
1139	2703
1137	2703
1137	2702
1135	2702
1135	2701
1133	2701
1133	2700
1131	2700
1131	2699
1129	2699
1129	2698
1128	2698
1128	2697
1126	2697
1126	2696
1125	2696
1125	2695
1123	2695
1123	2694
1122	2694
1122	2693
1120	2693
1120	2692
1119	2692
1119	2691
1117	2691
1117	2690
1116	2690
1116	2689
1115	2689
1115	2688
1114	2688
1114	2687
1111	2687
1111	2686
1109	2686
1109	2685
1107	2685
1107	2684
1105	2684
1105	2683
1102	2683
1102	2682
1100	2682
1100	2681
1098	2681
1098	2680
1096	2680
1096	2679
1094	2679
1094	2678
1092	2678
1092	2677
1090	2677
1090	2676
1089	2676
1089	2675
1087	2675
1087	2674
1084	2674
1084	2673
1082	2673
1082	2672
1080	2672
1080	2671
1078	2671
1078	2670
1076	2670
1076	2669
1074	2669
1074	2668
1072	2668
1072	2667
1071	2667
1071	2666
1069	2666
1069	2665
1067	2665
1067	2664
1064	2664
1064	2663
1061	2663
1061	2662
1059	2662
1059	2661
1057	2661
1057	2660
1053	2660
1053	2659
1049	2659
1049	2658
1047	2658
1047	2657
1045	2657
1045	2656
1043	2656
1043	2655
1040	2655
1040	2654
1037	2654
1037	2653
1035	2653
1035	2652
1033	2652
1033	2651
1031	2651
1031	2650
1029	2650
1029	2649
1026	2649
1026	2648
1024	2648
1024	2647
1022	2647
1022	2646
1020	2646
1020	2645
1018	2645
1018	2644
1016	2644
1016	2643
1015	2643
1015	2642
1013	2642
1013	2641
1011	2641
1011	2640
1009	2640
1009	2639
1008	2639
1008	2638
1007	2638
1007	2637
1005	2637
1005	2636
1003	2636
1003	2635
1001	2635
1001	2634
1000	2634
1000	2633
998	2633
998	2632
996	2632
996	2631
994	2631
994	2630
993	2630
993	2629
991	2629
991	2628
989	2628
989	2627
987	2627
987	2626
985	2626
985	2625
983	2625
983	2624
981	2624
981	2623
978	2623
978	2622
975	2622
975	2621
973	2621
973	2620
972	2620
972	2619
969	2619
969	2618
968	2618
968	2617
965	2617
965	2616
962	2616
962	2615
960	2615
960	2614
958	2614
958	2613
956	2613
956	2612
954	2612
954	2611
951	2611
951	2610
949	2610
949	2609
948	2609
948	2608
946	2608
946	2607
944	2607
944	2606
942	2606
942	2605
940	2605
940	2604
938	2604
938	2603
936	2603
936	2602
935	2602
935	2601
933	2601
933	2600
931	2600
931	2599
929	2599
929	2598
928	2598
928	2597
926	2597
926	2596
925	2596
925	2595
923	2595
923	2594
921	2594
921	2593
919	2593
919	2592
918	2592
918	2591
916	2591
916	2590
914	2590
914	2589
913	2589
913	2588
912	2588
912	2587
910	2587
910	2586
908	2586
908	2585
907	2585
907	2584
906	2584
906	2583
905	2583
905	2582
904	2582
904	2581
903	2581
903	2580
901	2580
901	2579
900	2579
900	2578
898	2578
898	2577
897	2577
897	2576
896	2576
896	2575
895	2575
895	2574
893	2574
893	2573
891	2573
891	2572
889	2572
889	2571
888	2571
888	2570
886	2570
886	2569
885	2569
885	2568
883	2568
883	2567
881	2567
881	2566
880	2566
880	2565
879	2565
879	2564
877	2564
877	2563
875	2563
875	2562
874	2562
874	2561
872	2561
872	2560
871	2560
871	2559
869	2559
869	2558
868	2558
868	2557
865	2557
865	2556
862	2556
862	2555
860	2555
860	2554
859	2554
859	2553
856	2553
856	2552
855	2552
855	2551
852	2551
852	2550
850	2550
850	2549
848	2549
848	2548
846	2548
846	2547
845	2547
845	2546
843	2546
843	2545
842	2545
842	2544
840	2544
840	2543
838	2543
838	2542
837	2542
837	2541
836	2541
836	2540
835	2540
835	2539
833	2539
833	2538
832	2538
832	2537
831	2537
831	2536
830	2536
830	2535
829	2535
829	2534
828	2534
828	2533
826	2533
826	2532
825	2532
825	2531
824	2531
824	2530
823	2530
823	2529
821	2529
821	2528
820	2528
820	2527
819	2527
819	2526
817	2526
817	2525
816	2525
816	2524
815	2524
815	2523
813	2523
813	2522
812	2522
812	2521
810	2521
810	2520
809	2520
809	2519
807	2519
807	2518
806	2518
806	2517
805	2517
805	2516
804	2516
804	2515
803	2515
803	2514
801	2514
801	2513
800	2513
800	2512
799	2512
799	2511
798	2511
798	2510
797	2510
797	2509
796	2509
796	2508
794	2508
794	2507
793	2507
793	2506
792	2506
792	2505
790	2505
790	2504
789	2504
789	2503
787	2503
787	2502
785	2502
785	2501
783	2501
783	2500
782	2500
782	2499
780	2499
780	2498
779	2498
779	2497
777	2497
777	2496
775	2496
775	2495
774	2495
774	2494
772	2494
772	2493
770	2493
770	2492
768	2492
768	2491
767	2491
767	2490
765	2490
765	2489
763	2489
763	2488
762	2488
762	2487
760	2487
760	2486
759	2486
759	2485
757	2485
757	2484
755	2484
755	2483
753	2483
753	2482
752	2482
752	2481
749	2481
749	2480
746	2480
746	2479
744	2479
744	2478
742	2478
742	2477
740	2477
740	2476
737	2476
737	2475
736	2475
736	2474
734	2474
734	2473
732	2473
732	2472
729	2472
729	2471
727	2471
727	2470
724	2470
724	2469
721	2469
721	2468
718	2468
718	2467
716	2467
716	2466
713	2466
713	2465
711	2465
711	2464
708	2464
708	2463
704	2463
704	2462
701	2462
701	2461
698	2461
698	2460
696	2460
696	2459
693	2459
693	2458
691	2458
691	2457
688	2457
688	2456
685	2456
685	2455
683	2455
683	2454
681	2454
681	2453
678	2453
678	2452
676	2452
676	2451
674	2451
674	2450
672	2450
672	2449
667	2449
667	2448
665	2448
665	2447
663	2447
663	2446
661	2446
661	2445
659	2445
659	2444
657	2444
657	2443
655	2443
655	2442
653	2442
653	2441
651	2441
651	2440
649	2440
649	2439
647	2439
647	2438
644	2438
644	2437
642	2437
642	2436
641	2436
641	2435
639	2435
639	2434
637	2434
637	2433
635	2433
635	2432
634	2432
634	2431
632	2431
632	2430
630	2430
630	2429
629	2429
629	2428
627	2428
627	2427
625	2427
625	2426
624	2426
624	2425
622	2425
622	2424
621	2424
621	2423
620	2423
620	2422
618	2422
618	2421
617	2421
617	2420
615	2420
615	2419
614	2419
614	2418
612	2418
612	2417
610	2417
610	2416
609	2416
609	2415
608	2415
608	2414
607	2414
607	2413
606	2413
606	2412
605	2412
605	2411
603	2411
603	2410
602	2410
602	2409
601	2409
601	2408
600	2408
600	2407
598	2407
598	2406
597	2406
597	2405
596	2405
596	2404
595	2404
595	2403
594	2403
594	2402
593	2402
593	2401
592	2401
592	2400
590	2400
590	2399
589	2399
589	2398
588	2398
588	2397
587	2397
587	2396
586	2396
586	2395
584	2395
584	2394
583	2394
583	2393
582	2393
582	2392
581	2392
581	2391
579	2391
579	2390
578	2390
578	2389
577	2389
577	2388
575	2388
575	2387
574	2387
574	2386
573	2386
573	2385
572	2385
572	2384
571	2384
571	2383
570	2383
570	2382
568	2382
568	2381
567	2381
567	2380
566	2380
566	2379
564	2379
564	2378
563	2378
563	2377
561	2377
561	2376
560	2376
560	2375
559	2375
559	2374
557	2374
557	2373
556	2373
556	2372
555	2372
555	2371
553	2371
553	2370
552	2370
552	2369
551	2369
551	2368
550	2368
550	2367
549	2367
549	2366
548	2366
548	2365
547	2365
547	2364
546	2364
546	2363
544	2363
544	2362
543	2362
543	2361
542	2361
542	2359
540	2359
540	2357
539	2357
539	2356
537	2356
537	2355
536	2355
536	2353
534	2353
534	2352
533	2352
533	2351
532	2351
532	2350
531	2350
531	2349
530	2349
530	2348
529	2348
529	2347
527	2347
527	2346
526	2346
526	2345
525	2345
525	2344
524	2344
524	2343
522	2343
522	2342
521	2342
521	2341
520	2341
520	2340
519	2340
519	2339
517	2339
517	2338
516	2338
516	2337
515	2337
515	2336
514	2336
514	2335
513	2335
513	2333
511	2333
511	2332
510	2332
510	2331
509	2331
509	2330
508	2330
508	2329
507	2329
507	2328
506	2328
506	2327
505	2327
505	2326
503	2326
503	2325
502	2325
502	2324
501	2324
501	2323
500	2323
500	2322
498	2322
498	2321
497	2321
497	2320
496	2320
496	2319
495	2319
495	2318
494	2318
494	2317
493	2317
493	2316
492	2316
492	2315
491	2315
491	2314
490	2314
490	2313
489	2313
489	2312
487	2312
487	2311
486	2311
486	2309
484	2309
484	2308
483	2308
483	2306
482	2306
482	2305
481	2305
481	2304
480	2304
480	2303
479	2303
479	2302
478	2302
478	2300
476	2300
476	2299
475	2299
475	2298
474	2298
474	2297
473	2297
473	2296
472	2296
472	2295
471	2295
471	2294
470	2294
470	2293
468	2293
468	2291
467	2291
467	2290
466	2290
466	2289
465	2289
465	2288
464	2288
464	2287
463	2287
463	2286
462	2286
462	2285
461	2285
461	2284
460	2284
460	2283
459	2283
459	2282
458	2282
458	2281
457	2281
457	2280
456	2280
456	2279
455	2279
455	2278
454	2278
454	2277
453	2277
453	2276
452	2276
452	2275
451	2275
451	2274
450	2274
450	2273
449	2273
449	2272
448	2272
448	2271
447	2271
447	2270
446	2270
446	2269
445	2269
445	2267
444	2267
444	2266
443	2266
443	2265
442	2265
442	2264
441	2264
441	2263
440	2263
440	2262
439	2262
439	2261
438	2261
438	2260
437	2260
437	2259
436	2259
436	2257
435	2257
435	2256
434	2256
434	2255
433	2255
433	2254
432	2254
432	2253
431	2253
431	2252
430	2252
430	2250
429	2250
429	2249
428	2249
428	2248
427	2248
427	2246
426	2246
426	2245
425	2245
425	2244
424	2244
424	2243
423	2243
423	2242
422	2242
422	2240
421	2240
421	2239
420	2239
420	2238
419	2238
419	2236
418	2236
418	2235
417	2235
417	2233
416	2233
416	2232
415	2232
415	2230
414	2230
414	2229
413	2229
413	2228
412	2228
412	2226
411	2226
411	2225
410	2225
410	2224
409	2224
409	2223
408	2223
408	2221
407	2221
407	2220
406	2220
406	2218
405	2218
405	2217
404	2217
404	2215
403	2215
403	2214
402	2214
402	2213
401	2213
401	2211
400	2211
400	2210
399	2210
399	2209
398	2209
398	2207
397	2207
397	2206
396	2206
396	2204
395	2204
395	2203
394	2203
394	2201
393	2201
393	2200
392	2200
392	2198
391	2198
391	2197
390	2197
390	2195
389	2195
389	2193
388	2193
388	2191
387	2191
387	2190
386	2190
386	2188
385	2188
385	2186
384	2186
384	2184
383	2184
383	2182
382	2182
382	2181
381	2181
381	2179
380	2179
380	2177
379	2177
379	2174
378	2174
378	2172
377	2172
377	2170
376	2170
376	2165
375	2165
375	2164
374	2164
374	2161
373	2161
373	2157
372	2157
372	2150
371	2150
371	2146
372	2146
372	2143
371	2143
371	2142
372	2142
372	2135
373	2135
373	2133
374	2133
374	2130
375	2130
375	2128
376	2128
376	2126
377	2126
377	2125
378	2125
378	2124
379	2124
379	2123
380	2123
380	2121
379	2121
379	2119
380	2119
380	2121
382	2121
382	2119
381	2119
381	2116
382	2116
382	2115
381	2115
381	2113
382	2113
382	2107
383	2107
383	2104
384	2104
384	2102
385	2102
385	2101
386	2101
386	2099
387	2099
387	2098
388	2098
388	2097
389	2097
389	2096
390	2096
390	2095
391	2095
391	2094
392	2094
392	2093
393	2093
393	2092
394	2092
394	2091
395	2091
395	2090
396	2090
396	2089
398	2089
398	2088
399	2088
399	2087
401	2087
401	2086
403	2086
403	2085
404	2085
404	2084
406	2084
406	2083
408	2083
408	2082
410	2082
410	2081
412	2081
412	2080
414	2080
414	2079
417	2079
417	2078
420	2078
420	2077
424	2077
424	2076
429	2076
429	2075
432	2075
432	2074
438	2074
438	2073
455	2073
455	2072
468	2072
468	2071
475	2071
475	2070
482	2070
482	2069
495	2069
495	2068
515	2068
515	2069
533	2069
533	2070
539	2070
539	2071
545	2071
545	2072
547	2072
547	2073
553	2073
553	2074
556	2074
556	2075
562	2075
562	2076
569	2076
569	2077
574	2077
574	2078
580	2078
580	2079
588	2079
588	2080
596	2080
596	2081
605	2081
605	2082
612	2082
612	2083
618	2083
618	2084
625	2084
625	2085
631	2085
631	2086
635	2086
635	2087
640	2087
640	2088
646	2088
646	2089
648	2089
648	2090
653	2090
653	2091
659	2091
659	2092
664	2092
664	2093
668	2093
668	2094
671	2094
671	2095
673	2095
673	2096
678	2096
678	2097
680	2097
680	2098
684	2098
684	2099
685	2099
685	2100
690	2100
690	2101
692	2101
692	2102
694	2102
694	2103
696	2103
696	2104
698	2104
698	2105
701	2105
701	2106
702	2106
702	2107
704	2107
704	2108
706	2108
706	2109
708	2109
708	2110
709	2110
709	2111
711	2111
711	2112
713	2112
713	2113
715	2113
715	2114
717	2114
717	2115
718	2115
718	2116
720	2116
720	2117
722	2117
722	2118
724	2118
724	2119
726	2119
726	2120
727	2120
727	2121
730	2121
730	2122
731	2122
731	2123
733	2123
733	2124
735	2124
735	2125
737	2125
737	2126
740	2126
740	2127
742	2127
742	2128
744	2128
744	2129
748	2129
748	2130
750	2130
750	2131
752	2131
752	2132
756	2132
756	2133
758	2133
758	2134
762	2134
762	2135
766	2135
766	2136
768	2136
768	2137
772	2137
772	2138
778	2138
778	2139
780	2139
780	2140
781	2140
781	2139
783	2139
783	2140
788	2140
788	2141
791	2141
791	2142
794	2142
794	2143
796	2143
796	2144
798	2144
798	2145
800	2145
800	2146
803	2146
803	2147
805	2147
805	2148
808	2148
808	2149
810	2149
810	2150
812	2150
812	2151
814	2151
814	2152
816	2152
816	2153
818	2153
818	2154
820	2154
820	2155
821	2155
821	2156
824	2156
824	2157
826	2157
826	2158
828	2158
828	2159
831	2159
831	2160
833	2160
833	2161
835	2161
835	2162
837	2162
837	2163
839	2163
839	2164
842	2164
842	2165
844	2165
844	2166
846	2166
846	2167
850	2167
850	2168
853	2168
853	2169
854	2169
854	2168
855	2168
855	2169
857	2169
857	2170
861	2170
861	2171
865	2171
865	2172
869	2172
869	2173
873	2173
873	2174
879	2174
879	2175
883	2175
883	2176
886	2176
886	2177
889	2177
889	2178
891	2178
891	2179
894	2179
894	2180
896	2180
896	2181
898	2181
898	2182
900	2182
900	2183
902	2183
902	2184
904	2184
904	2185
907	2185
907	2186
910	2186
910	2187
913	2187
913	2188
914	2188
914	2189
917	2189
917	2190
920	2190
920	2191
923	2191
923	2192
927	2192
927	2193
930	2193
930	2194
933	2194
933	2195
938	2195
938	2196
941	2196
941	2197
945	2197
945	2198
947	2198
947	2199
949	2199
949	2200
953	2200
953	2201
960	2201
960	2202
966	2202
966	2203
971	2203
971	2204
979	2204
979	2205
984	2205
984	2206
991	2206
991	2207
998	2207
998	2208
999	2208
999	2209
1000	2209
1000	2208
1015	2208
1015	2209
1017	2209
1017	2208
1018	2208
1018	2209
1024	2209
1024	2210
1030	2210
1030	2211
1032	2211
1032	2212
1035	2212
1035	2213
1039	2213
1039	2214
1041	2214
1041	2215
1043	2215
1043	2216
1047	2216
1047	2217
1051	2217
1051	2218
1054	2218
1054	2219
1059	2219
1059	2220
1067	2220
1067	2221
1071	2221
1071	2222
1075	2222
1075	2223
1080	2223
1080	2224
1084	2224
1084	2225
1088	2225
1088	2226
1092	2226
1092	2227
1095	2227
1095	2228
1100	2228
1100	2229
1102	2229
1102	2230
1104	2230
1104	2229
1105	2229
1105	2230
1108	2230
1108	2231
1114	2231
1114	2232
1119	2232
1119	2233
1123	2233
1123	2234
1126	2234
1126	2235
1131	2235
1131	2236
1134	2236
1134	2237
1136	2237
1136	2238
1141	2238
1141	2239
1144	2239
1144	2240
1149	2240
1149	2241
1152	2241
1152	2242
1157	2242
1157	2243
1162	2243
1162	2244
1166	2244
1166	2245
1170	2245
1170	2246
1174	2246
1174	2247
1179	2247
1179	2248
1182	2248
1182	2249
1185	2249
1185	2250
1186	2250
1186	2251
1190	2251
1190	2252
1193	2252
1193	2253
1196	2253
1196	2254
1200	2254
1200	2255
1202	2255
1202	2256
1205	2256
1205	2257
1208	2257
1208	2258
1211	2258
1211	2259
1213	2259
1213	2260
1217	2260
1217	2261
1219	2261
1219	2262
1220	2262
1220	2263
1226	2263
1226	2264
1228	2264
1228	2265
1230	2265
1230	2266
1233	2266
1233	2267
1235	2267
1235	2268
1238	2268
1238	2269
1241	2269
1241	2270
1242	2270
1242	2271
1244	2271
1244	2272
1247	2272
1247	2273
1251	2273
1251	2274
1253	2274
1253	2275
1254	2275
1254	2276
1256	2276
1256	2277
1259	2277
1259	2278
1261	2278
1261	2279
1262	2279
1262	2280
1264	2280
1264	2281
1269	2281
1269	2282
1270	2282
1270	2283
1273	2283
1273	2284
1278	2284
1278	2285
1282	2285
1282	2286
1286	2286
1286	2287
1288	2287
1288	2288
1290	2288
1290	2289
1294	2289
1294	2290
1297	2290
1297	2291
1299	2291
1299	2292
1304	2292
1304	2293
1308	2293
1308	2294
1310	2294
1310	2295
1311	2295
1311	2296
1313	2296
1313	2297
1315	2297
1315	2298
1317	2298
1317	2299
1319	2299
1319	2300
1321	2300
1321	2301
1322	2301
1322	2302
1324	2302
1324	2303
1326	2303
1326	2304
1328	2304
1328	2305
1329	2305
1329	2306
1331	2306
1331	2307
1332	2307
1332	2308
1334	2308
1334	2309
1336	2309
1336	2310
1338	2310
1338	2311
1339	2311
1339	2312
1342	2312
1342	2313
1345	2313
1345	2314
1347	2314
1347	2315
1350	2315
1350	2316
1353	2316
1353	2317
1357	2317
1357	2318
1362	2318
1362	2319
1365	2319
1365	2320
1369	2320
1369	2321
1372	2321
1372	2322
1378	2322
1378	2323
1381	2323
1381	2324
1386	2324
1386	2325
1391	2325
1391	2326
1395	2326
1395	2327
1398	2327
1398	2328
1401	2328
1401	2329
1403	2329
1403	2330
1405	2330
1405	2331
1407	2331
1407	2332
1410	2332
1410	2333
1412	2333
1412	2334
1414	2334
1414	2335
1416	2335
1416	2336
1417	2336
1417	2337
1420	2337
1420	2338
1421	2338
1421	2339
1423	2339
1423	2340
1425	2340
1425	2341
1428	2341
1428	2342
1430	2342
1430	2343
1432	2343
1432	2344
1434	2344
1434	2345
1437	2345
1437	2346
1439	2346
1439	2347
1442	2347
1442	2348
1445	2348
1445	2349
1447	2349
1447	2350
1450	2350
1450	2351
1452	2351
1452	2352
1454	2352
1454	2353
1455	2353
1455	2352
1456	2352
1456	2353
1457	2353
1457	2354
1459	2354
1459	2355
1462	2355
1462	2356
1464	2356
1464	2357
1467	2357
1467	2358
1469	2358
1469	2359
1471	2359
1471	2360
1474	2360
1474	2361
1476	2361
1476	2362
1478	2362
1478	2363
1480	2363
1480	2364
1483	2364
1483	2365
1484	2365
1484	2366
1486	2366
1486	2367
1488	2367
1488	2368
1490	2368
1490	2369
1492	2369
1492	2370
1493	2370
1493	2371
1495	2371
1495	2372
1497	2372
1497	2373
1499	2373
1499	2374
1500	2374
1500	2375
1502	2375
1502	2376
1504	2376
1504	2377
1506	2377
1506	2378
1507	2378
1507	2379
1509	2379
1509	2380
1510	2380
1510	2381
1513	2381
1513	2382
1515	2382
1515	2383
1517	2383
1517	2384
1518	2384
1518	2385
1521	2385
1521	2386
1523	2386
1523	2387
1525	2387
1525	2388
1527	2388
1527	2389
1529	2389
1529	2390
1532	2390
1532	2391
1533	2391
1533	2392
1535	2392
1535	2393
1537	2393
1537	2394
1540	2394
1540	2395
1542	2395
1542	2396
1543	2396
1543	2397
1545	2397
1545	2398
1547	2398
1547	2399
1549	2399
1549	2400
1550	2400
1550	2401
1553	2401
1553	2402
1555	2402
1555	2403
1557	2403
1557	2404
1558	2404
1558	2405
1560	2405
1560	2406
1562	2406
1562	2407
1564	2407
1564	2408
1565	2408
1565	2409
1567	2409
1567	2410
1568	2410
1568	2411
1569	2411
1569	2412
1570	2412
1570	2413
1572	2413
1572	2414
1573	2414
1573	2415
1575	2415
1575	2416
1577	2416
1577	2417
1578	2417
1578	2418
1581	2418
1581	2419
1583	2419
1583	2420
1585	2420
1585	2421
1587	2421
1587	2422
1590	2422
1590	2423
1592	2423
1592	2424
1594	2424
1594	2425
1596	2425
1596	2426
1598	2426
1598	2427
1600	2427
1600	2428
1602	2428
1602	2429
1603	2429
1603	2430
1606	2430
1606	2431
1608	2431
1608	2432
1610	2432
1610	2433
1612	2433
1612	2434
1614	2434
1614	2435
1616	2435
1616	2436
1617	2436
1617	2437
1619	2437
1619	2438
1620	2438
1620	2439
1622	2439
1622	2440
1625	2440
1625	2441
1627	2441
1627	2442
1629	2442
1629	2443
1630	2443
1630	2444
1634	2444
1634	2445
1636	2445
1636	2446
1637	2446
1637	2447
1640	2447
1640	2448
1642	2448
1642	2449
1645	2449
1645	2450
1646	2450
1646	2451
1649	2451
1649	2452
1651	2452
1651	2453
1653	2453
1653	2454
1654	2454
1654	2455
1657	2455
1657	2456
1659	2456
1659	2457
1661	2457
1661	2458
1663	2458
1663	2459
1665	2459
1665	2460
1667	2460
1667	2461
1669	2461
1669	2462
1670	2462
1670	2463
1672	2463
1672	2464
1675	2464
1675	2465
1678	2465
1678	2466
1680	2466
1680	2467
1684	2467
1684	2468
1686	2468
1686	2469
1688	2469
1688	2470
1690	2470
1690	2471
1693	2471
1693	2472
1695	2472
1695	2473
1697	2473
1697	2474
1698	2474
1698	2475
1701	2475
1701	2476
1703	2476
1703	2477
1705	2477
1705	2478
1706	2478
1706	2479
1709	2479
1709	2480
1711	2480
1711	2481
1712	2481
1712	2482
1714	2482
1714	2483
1717	2483
1717	2484
1719	2484
1719	2485
1720	2485
1720	2486
1722	2486
1722	2487
1724	2487
1724	2488
1727	2488
1727	2489
1728	2489
1728	2490
1730	2490
1730	2491
1732	2491
1732	2492
1735	2492
1735	2493
1737	2493
1737	2494
1738	2494
1738	2495
1740	2495
1740	2496
1743	2496
1743	2497
1745	2497
1745	2498
1746	2498
1746	2499
1748	2499
1748	2500
1750	2500
1750	2501
1753	2501
1753	2502
1754	2502
1754	2503
1756	2503
1756	2504
1758	2504
1758	2505
1761	2505
1761	2506
1762	2506
1762	2507
1764	2507
1764	2508
1767	2508
1767	2509
1770	2509
1770	2510
1774	2510
1774	2509
1780	2509
1780	2510
1781	2510
1781	2511
1782	2511
1782	2513
1783	2513
1783	2515
1785	2515
1785	2516
1786	2516
1786	2517
1787	2517
1787	2518
1788	2518
1788	2519
1790	2519
1790	2521
1792	2521
1792	2522
1794	2522
1794	2523
1795	2523
1795	2524
1797	2524
1797	2525
1798	2525
1798	2526
1799	2526
1799	2527
1801	2527
1801	2528
1804	2528
1804	2529
1806	2529
1806	2530
1808	2530
1808	2531
1814	2531
1814	2532
1818	2532
1818	2533
1824	2533
1824	2534
1846	2534
1846	2533
1849	2533
1849	2532
1850	2532
1850	2531
1852	2531
1852	2532
1853	2532
1853	2531
1854	2531
1854	2530
1855	2530
1855	2529
1856	2529
1856	2527
1857	2527
1857	2523
1858	2523
1858	2520
1859	2520
1859	2507
1860	2507
1860	2501
1859	2501
1859	2494
1858	2494
1858	2491
1857	2491
1857	2487
1856	2487
1856	2482
1855	2482
1855	2480
1854	2480
1854	2479
1853	2479
1853	2477
1852	2477
1852	2475
1851	2475
1851	2470
1852	2470
1852	2469
1853	2469
1853	2468
1854	2468
1854	2467
1859	2467
1859	2465
1858	2465
1858	2451
1857	2451
1857	2447
1856	2447
1856	2444
1855	2444
1855	2440
1854	2440
1854	2437
1853	2437
1853	2435
1852	2435
1852	2433
1851	2433
1851	2432
1850	2432
1850	2429
1849	2429
1849	2420
1848	2420
1848	2412
1847	2412
1847	2407
1846	2407
1846	2404
1845	2404
1845	2401
1844	2401
1844	2400
1843	2400
1843	2396
1842	2396
1842	2392
1841	2392
1841	2386
1840	2386
1840	2381
1839	2381
1839	2375
1838	2375
1838	2370
1837	2370
1837	2367
1836	2367
1836	2365
1835	2365
1835	2361
1834	2361
1834	2357
1833	2357
1833	2353
1832	2353
1832	2350
1831	2350
1831	2348
1830	2348
1830	2344
1829	2344
1829	2342
1828	2342
1828	2341
1827	2341
1827	2340
1826	2340
1826	2338
1825	2338
1825	2336
1824	2336
1824	2333
1823	2333
1823	2331
1822	2331
1822	2328
1821	2328
1821	2326
1820	2326
1820	2324
1819	2324
1819	2323
1818	2323
1818	2322
1817	2322
1817	2319
1816	2319
1816	2316
1815	2316
1815	2314
1814	2314
1814	2311
1813	2311
1813	2308
1812	2308
1812	2305
1811	2305
1811	2303
1810	2303
1810	2301
1809	2301
1809	2298
1808	2298
1808	2294
1807	2294
1807	2291
1806	2291
1806	2288
1805	2288
1805	2285
1804	2285
1804	2282
1803	2282
1803	2280
1802	2280
1802	2277
1801	2277
1801	2276
1800	2276
1800	2272
1799	2272
1799	2269
1798	2269
1798	2265
1797	2265
1797	2260
1796	2260
1796	2254
1795	2254
1795	2249
1794	2249
1794	2246
1793	2246
1793	2244
1792	2244
1792	2240
1791	2240
1791	2237
1790	2237
1790	2233
1789	2233
1789	2230
1788	2230
1788	2226
1787	2226
1787	2222
1786	2222
1786	2220
1785	2220
1785	2218
1784	2218
1784	2214
1783	2214
1783	2210
1782	2210
1782	2205
1781	2205
1781	2195
1780	2195
1780	2189
1779	2189
1779	2184
1778	2184
1778	2177
1777	2177
1777	2171
1776	2171
1776	2170
1775	2170
1775	2162
1774	2162
1774	2155
1773	2155
1773	2133
1772	2133
1772	2127
1771	2127
1771	2122
1770	2122
1770	2119
1769	2119
1769	2116
1768	2116
1768	2114
1767	2114
1767	2112
1766	2112
1766	2108
1765	2108
1765	2104
1764	2104
1764	2098
1763	2098
1763	2092
1762	2092
1762	2088
1761	2088
1761	2083
1760	2083
1760	2078
1759	2078
1759	2075
1758	2075
1758	2070
1757	2070
1757	2061
1756	2061
1756	2043
1755	2043
1755	2035
1754	2035
1754	2028
1753	2028
1753	1975
1752	1975
1752	1964
1751	1964
1751	1953
1752	1953
1752	1941
1753	1941
1753	1936
1754	1936
1754	1931
1755	1931
1755	1926
1756	1926
1756	1921
1757	1921
1757	1908
1758	1908
1758	1896
1759	1896
1759	1890
1758	1890
1758	1884
1759	1884
1759	1883
1758	1883
1758	1856
1759	1856
1759	1848
1760	1848
1760	1838
1759	1838
1759	1832
1758	1832
1758	1824
1757	1824
1757	1794
1756	1794
1756	1789
1755	1789
1755	1776
1754	1776
1754	1768
1753	1768
1753	1738
1754	1738
1754	1712
1753	1712
1753	1711
1754	1711
1754	1710
1753	1710
1753	1687
1752	1687
1752	1670
1751	1670
1751	1638
1752	1638
1752	1629
1753	1629
1753	1621
1754	1621
1754	1618
1755	1618
1755	1614
1756	1614
1756	1608
1757	1608
1757	1602
1758	1602
1758	1597
1759	1597
1759	1590
1760	1590
1760	1586
1761	1586
1761	1581
1762	1581
1762	1564
1761	1564
1761	1531
1760	1531
1760	1517
1759	1517
1759	1497
1758	1497
1758	1477
1759	1477
1759	1468
1760	1468
1760	1457
1761	1457
1761	1441
1762	1441
1762	1434
1763	1434
1763	1428
1764	1428
1764	1424
1765	1424
1765	1414
1766	1414
1766	1406
1767	1406
1767	1404
1768	1404
1768	1400
1769	1400
1769	1394
1770	1394
1770	1388
1771	1388
1771	1378
1772	1378
1772	1376
1771	1376
1771	1374
1772	1374
1772	1328
1773	1328
1773	1312
1774	1312
1774	1290
1773	1290
1773	1265
1772	1265
1772	1255
1773	1255
1773	1244
1772	1244
1772	1220
1773	1220
1773	1211
1774	1211
1774	1198
1775	1198
1775	1190
1776	1190
1776	1178
1777	1178
1777	1163
1778	1163
1778	1155
1779	1155
1779	1148
1780	1148
1780	1144
1781	1144
1781	1141
1782	1141
1782	1132
1783	1132
1783	1127
1784	1127
1784	1123
1785	1123
1785	1119
1786	1119
1786	1116
1787	1116
1787	1112
1788	1112
1788	1106
1789	1106
1789	1100
1790	1100
1790	1096
1791	1096
1791	1091
1792	1091
1792	1087
1793	1087
1793	1081
1794	1081
1794	1077
1795	1077
1795	1072
1796	1072
1796	1068
1797	1068
1797	1065
1798	1065
1798	1059
1799	1059
1799	1051
1800	1051
1800	1041
1801	1041
1801	1033
1802	1033
1802	1025
1803	1025
1803	1017
1804	1017
1804	1012
1805	1012
1805	1006
1806	1006
1806	1003
1807	1003
1807	998
1808	998
1808	982
1807	982
1807	976
1806	976
1806	970
1805	970
1805	962
1804	962
1804	953
1803	953
1803	950
1804	950
1804	948
1803	948
1803	916
1804	916
1804	909
1805	909
1805	900
1806	900
1806	892
1807	892
1807	885
1808	885
1808	880
1809	880
1809	869
1810	869
1810	849
1811	849
1811	841
1812	841
1812	831
1813	831
1813	826
1814	826
1814	821
1815	821
1815	817
1816	817
1816	812
1817	812
1817	807
1818	807
1818	800
1819	800
1819	796
1820	796
1820	792
1821	792
1821	788
1822	788
1822	784
1823	784
1823	781
1824	781
1824	776
1825	776
1825	769
1826	769
1826	763
1827	763
1827	757
1828	757
1828	752
1829	752
1829	748
1830	748
1830	743
1831	743
1831	734
1832	734
1832	699
1833	699
1833	691
1834	691
1834	684
1835	684
1835	680
1836	680
1836	676
1837	676
1837	671
1838	671
1838	666
1839	666
1839	660
1840	660
1840	655
1841	655
1841	652
1842	652
1842	649
1843	649
1843	646
1844	646
1844	643
1845	643
1845	640
1846	640
1846	637
1847	637
1847	634
1848	634
1848	630
1849	630
1849	619
1850	619
1850	616
1851	616
1851	612
1852	612
1852	608
1853	608
1853	604
1854	604
1854	600
1855	600
1855	597
1856	597
1856	593
1857	593
1857	588
1858	588
1858	583
1859	583
1859	578
1860	578
1860	575
1861	575
1861	572
1862	572
1862	568
1863	568
1863	564
1864	564
1864	560
1865	560
1865	558
1866	558
1866	554
1867	554
1867	552
1868	552
1868	550
1869	550
1869	547
1870	547
1870	545
1871	545
1871	542
1872	542
1872	540
1873	540
1873	538
1874	538
1874	535
1875	535
1875	532
1876	532
1876	529
1877	529
1877	527
1878	527
1878	524
1879	524
1879	521
1880	521
1880	519
1881	519
1881	516
1882	516
1882	514
1883	514
1883	511
1884	511
1884	509
1885	509
1885	506
1886	506
1886	504
1887	504
1887	501
1888	501
1888	498
1889	498
1889	496
1890	496
1890	493
1891	493
1891	490
1892	490
1892	488
1893	488
1893	486
1894	486
1894	483
1895	483
1895	481
1896	481
1896	479
1897	479
1897	477
1898	477
1898	476
1899	476
1899	474
1900	474
1900	472
1901	472
1901	471
1902	471
1902	469
1903	469
1903	467
1904	467
1904	465
1905	465
1905	463
1906	463
1906	460
1907	460
1907	458
1908	458
1908	457
1909	457
1909	455
1910	455
1910	453
1911	453
1911	451
1912	451
1912	450
1913	450
1913	448
1914	448
1914	447
1915	447
1915	446
1916	446
1916	444
1917	444
1917	443
1918	443
1918	441
1919	441
1919	440
1920	440
1920	439
1921	439
1921	437
1922	437
1922	436
1923	436
1923	434
1924	434
1924	433
1925	433
1925	431
1926	431
1926	430
1927	430
1927	428
1928	428
1928	426
1929	426
1929	424
1930	424
1930	423
1931	423
1931	421
1932	421
1932	420
1933	420
1933	419
1934	419
1934	417
1935	417
1935	416
1936	416
1936	415
1937	415
1937	414
1938	414
1938	413
1939	413
1939	412
1940	412
1940	411
1941	411
1941	409
1942	409
1942	408
1944	408
1944	406
1945	406
1945	405
1946	405
1946	404
1948	404
1948	403
1949	403
1949	402
1950	402
1950	401
1951	401
1951	400
1953	400
1953	399
1954	399
1954	398
1955	398
1955	397
1957	397
1957	396
1958	396
1958	395
1960	395
1960	394
1962	394
1962	393
1964	393
1964	392
1966	392
1966	391
1968	391
1968	390
1970	390
1970	389
1972	389
1972	388
1975	388
1975	387
1977	387
1977	386
1980	386
1980	385
1982	385
1982	384
1984	384
1984	383
1986	383
1986	382
1989	382
1989	381
1992	381
1992	380
1998	380
1998	379
2002	379
2002	380
2007	380
2007	381
2010	381
2010	382
2012	382
2012	383
2015	383
2015	384
2016	384
2016	385
2018	385
2018	386
2020	386
2020	387
2022	387
2022	388
2023	388
2023	387
2024	387
2024	386
2031	386
2031	385
2039	385
2039	386
2044	386
2044	387
2047	387
2047	388
2049	388
2049	389
2052	389
2052	390
2054	390
2054	391
2056	391
2056	392
2058	392
2058	393
2060	393
2060	394
2061	394
2061	395
2063	395
2063	396
2064	396
2064	397
2065	397
2065	398
2066	398
2066	399
2068	399
2068	400
2069	400
2069	401
2070	401
2070	402
2071	402
2071	403
2072	403
2072	404
2073	404
2073	405
2074	405
2074	406
2075	406
2075	407
2076	407
2076	408
2077	408
2077	409
2078	409
2078	410
2079	410
2079	412
2080	412
2080	413
2081	413
2081	414
2082	414
2082	416
2083	416
2083	417
2084	417
2084	418
2085	418
2085	419
2086	419
2086	421
2087	421
2087	422
2088	422
2088	424
2089	424
2089	426
2090	426
2090	427
2091	427
2091	429
2092	429
2092	430
2093	430
2093	432
2094	432
2094	434
2095	434
2095	436
2096	436
2096	438
2097	438
2097	440
2098	440
2098	441
2099	441
2099	443
2100	443
2100	446
2101	446
2101	449
2102	449
2102	451
2103	451
2103	453
2104	453
2104	454
2105	454
2105	457
2106	457
2106	460
2107	460
2107	462
2108	462
2108	464
2109	464
2109	467
2110	467
2110	470
2111	470
2111	473
2112	473
2112	476
2113	476
2113	479
2114	479
2114	482
2115	482
2115	485
2116	485
2116	487
2117	487
2117	491
2118	491
2118	493
2119	493
2119	497
2120	497
2120	502
2121	502
2121	506
2122	506
2122	509
2123	509
2123	512
2124	512
2124	515
2125	515
2125	518
2126	518
2126	522
2127	522
2127	525
2128	525
2128	529
2129	529
2129	535
2130	535
2130	539
2131	539
2131	543
2132	543
2132	549
2133	549
2133	554
2134	554
2134	564
2135	564
2135	579
2136	579
2136	589
2137	589
2137	610
2138	610
2138	622
2139	622
2139	627
2140	627
2140	632
2141	632
2141	636
2142	636
2142	639
2143	639
2143	644
2144	644
2144	649
2145	649
2145	654
2146	654
2146	666
2147	666
2147	675
2148	675
2148	679
2147	679
2147	699
2146	699
2146	719
2147	719
2147	728
2148	728
2148	732
2149	732
2149	745
2150	745
2150	753
2151	753
2151	783
2152	783
2152	793
2153	793
2153	805
2154	805
2154	856
2153	856
2153	862
2152	862
2152	879
2153	879
2153	896
2154	896
2154	908
2155	908
2155	932
2156	932
2156	945
2157	945
2157	965
2158	965
2158	970
2159	970
2159	979
2160	979
2160	987
2161	987
2161	1005
2162	1005
2162	1024
2163	1024
2163	1028
2164	1028
2164	1041
2165	1041
2165	1055
2166	1055
2166	1062
2167	1062
2167	1067
2168	1067
2168	1074
2169	1074
2169	1080
2170	1080
2170	1085
2171	1085
2171	1090
2172	1090
2172	1094
2173	1094
2173	1100
2174	1100
2174	1103
2175	1103
2175	1108
2176	1108
2176	1113
2177	1113
2177	1124
2178	1124
2178	1137
2177	1137
2177	1152
2176	1152
2176	1156
2177	1156
2177	1158
2176	1158
2176	1160
2177	1160
2177	1194
2178	1194
2178	1208
2179	1208
2179	1220
2180	1220
2180	1228
2181	1228
