3071	2441
3072	2441
3072	2451
3073	2451
3073	2461
3074	2461
3074	2468
3075	2468
3075	2475
3076	2475
3076	2482
3077	2482
3077	2488
3078	2488
3078	2494
3079	2494
3079	2499
3080	2499
3080	2504
3081	2504
3081	2510
3082	2510
3082	2524
3083	2524
3083	2531
3084	2531
3084	2538
3085	2538
3085	2544
3086	2544
3086	2548
3087	2548
3087	2553
3088	2553
3088	2559
3089	2559
3089	2564
3090	2564
3090	2570
3091	2570
3091	2573
3092	2573
3092	2581
3093	2581
3093	2589
3094	2589
3094	2593
3095	2593
3095	2599
3096	2599
3096	2607
3097	2607
3097	2612
3098	2612
3098	2620
3099	2620
3099	2630
3100	2630
3100	2639
3099	2639
3099	2640
3100	2640
3100	2649
3101	2649
3101	2659
3102	2659
3102	2670
3103	2670
3103	2685
3104	2685
3104	2686
3103	2686
3103	2687
3104	2687
3104	2700
3105	2700
3105	2714
3106	2714
3106	2722
3107	2722
3107	2732
3108	2732
3108	2739
3109	2739
3109	2745
3110	2745
3110	2749
3111	2749
3111	2755
3112	2755
3112	2765
3113	2765
3113	2771
3114	2771
3114	2775
3115	2775
3115	2778
3116	2778
3116	2784
3117	2784
3117	2789
3118	2789
3118	2795
3119	2795
3119	2797
3120	2797
3120	2800
3121	2800
3121	2804
3122	2804
3122	2810
3123	2810
3123	2815
3124	2815
3124	2821
3125	2821
3125	2827
3126	2827
3126	2836
3127	2836
3127	2840
3126	2840
3126	2842
3127	2842
3127	2845
3126	2845
3126	2846
3127	2846
3127	2867
3128	2867
3128	2868
3127	2868
3127	2870
3128	2870
3128	2880
3129	2880
3129	2895
3130	2895
3130	2897
3129	2897
3129	2914
3130	2914
3130	2950
3131	2950
3131	2961
3130	2961
3130	2963
3131	2963
3131	3009
3130	3009
3130	3011
3131	3011
3131	3021
3130	3021
3130	3043
3131	3043
3131	3052
3132	3052
3132	3058
3133	3058
3133	3064
3134	3064
3134	3069
3135	3069
3135	3070
3138	3070
3138	3072
3139	3072
3139	3081
3140	3081
3140	3093
3139	3093
3139	3098
3138	3098
3138	3104
3137	3104
3137	3109
3136	3109
3136	3110
3135	3110
3135	3116
3134	3116
3134	3120
3133	3120
3133	3124
3132	3124
3132	3136
3131	3136
3131	3140
3132	3140
3132	3149
3133	3149
3133	3160
3134	3160
3134	3169
3135	3169
3135	3174
3136	3174
3136	3176
3137	3176
3137	3179
3138	3179
3138	3182
3139	3182
3139	3185
3140	3185
3140	3186
3141	3186
3141	3188
3142	3188
3142	3189
3143	3189
3143	3190
3144	3190
3144	3191
3145	3191
3145	3192
3146	3192
3146	3193
3148	3193
3148	3194
3149	3194
3149	3195
3150	3195
3150	3196
3154	3196
3154	3197
3161	3197
3161	3196
3167	3196
3167	3195
3169	3195
3169	3194
3173	3194
3173	3193
3175	3193
3175	3192
3177	3192
3177	3191
3181	3191
3181	3190
3182	3190
3182	3189
3184	3189
3184	3188
3186	3188
3186	3187
3189	3187
3189	3186
3191	3186
3191	3185
3192	3185
3192	3184
3194	3184
3194	3183
3195	3183
3195	3182
3198	3182
3198	3181
3199	3181
3199	3180
3201	3180
3201	3179
3202	3179
3202	3178
3204	3178
3204	3177
3206	3177
3206	3176
3208	3176
3208	3175
3209	3175
3209	3174
3211	3174
3211	3173
3217	3173
3217	3172
3219	3172
3219	3171
3224	3171
3224	3170
3226	3170
3226	3169
3228	3169
3228	3168
3231	3168
3231	3167
3233	3167
3233	3166
3234	3166
3234	3165
3236	3165
3236	3164
3238	3164
3238	3163
3241	3163
3241	3162
3242	3162
3242	3161
3244	3161
3244	3160
3246	3160
3246	3159
3248	3159
3248	3158
3250	3158
3250	3157
3251	3157
3251	3156
3253	3156
3253	3154
3254	3154
3254	3153
3257	3153
3257	3152
3259	3152
3259	3151
3260	3151
3260	3150
3261	3150
3261	3149
3263	3149
3263	3148
3266	3148
3266	3147
3267	3147
3267	3146
3269	3146
3269	3145
3270	3145
3270	3144
3273	3144
3273	3143
3275	3143
3275	3142
3276	3142
3276	3141
3278	3141
3278	3140
3280	3140
3280	3139
3283	3139
3283	3138
3284	3138
3284	3137
3285	3137
3285	3136
3287	3136
3287	3135
3288	3135
3288	3134
3290	3134
3290	3133
3291	3133
3291	3132
3292	3132
3292	3131
3293	3131
3293	3130
3294	3130
3294	3129
3295	3129
3295	3128
3296	3128
3296	3127
3298	3127
3298	3126
3300	3126
3300	3125
3301	3125
3301	3124
3302	3124
3302	3123
3303	3123
3303	3122
3304	3122
3304	3121
3306	3121
3306	3120
3307	3120
3307	3119
3309	3119
3309	3118
3310	3118
3310	3117
3312	3117
3312	3116
3313	3116
3313	3115
3315	3115
3315	3114
3317	3114
3317	3113
3318	3113
3318	3112
3320	3112
3320	3111
3321	3111
3321	3110
3323	3110
3323	3109
3325	3109
3325	3108
3326	3108
3326	3107
3328	3107
3328	3106
3330	3106
3330	3105
3333	3105
3333	3104
3334	3104
3334	3103
3336	3103
3336	3102
3338	3102
3338	3101
3339	3101
3339	3100
3342	3100
3342	3099
3344	3099
3344	3098
3345	3098
3345	3097
3347	3097
3347	3096
3349	3096
3349	3095
3352	3095
3352	3094
3354	3094
3354	3093
3355	3093
3355	3092
3358	3092
3358	3091
3360	3091
3360	3090
3361	3090
3361	3089
3363	3089
3363	3088
3364	3088
3364	3087
3367	3087
3367	3086
3369	3086
3369	3085
3371	3085
3371	3084
3373	3084
3373	3083
3375	3083
3375	3082
3376	3082
3376	3081
3378	3081
3378	3080
3379	3080
3379	3079
3380	3079
3380	3078
3381	3078
3381	3077
3383	3077
3383	3076
3384	3076
3384	3075
3385	3075
3385	3074
3386	3074
3386	3073
3388	3073
3388	3072
3389	3072
3389	3071
3390	3071
3390	3070
3391	3070
3391	3069
3393	3069
3393	3068
3394	3068
3394	3067
3395	3067
3395	3065
3396	3065
3396	3064
3397	3064
3397	3063
3398	3063
3398	3062
3399	3062
3399	3061
3400	3061
3400	3060
3401	3060
3401	3059
3402	3059
3402	3058
3403	3058
3403	3057
3405	3057
3405	3056
3406	3056
3406	3055
3407	3055
3407	3054
3409	3054
3409	3053
3411	3053
3411	3052
3412	3052
3412	3051
3414	3051
3414	3050
3415	3050
3415	3049
3417	3049
3417	3048
3419	3048
3419	3047
3420	3047
3420	3046
3422	3046
3422	3045
3423	3045
3423	3044
3425	3044
3425	3043
3427	3043
3427	3042
3428	3042
3428	3041
3430	3041
3430	3040
3431	3040
3431	3039
3433	3039
3433	3038
3435	3038
3435	3037
3436	3037
3436	3036
3438	3036
3438	3035
3439	3035
3439	3034
3441	3034
3441	3033
3443	3033
3443	3032
3444	3032
3444	3031
3446	3031
3446	3030
3447	3030
3447	3029
3448	3029
3448	3028
3449	3028
3449	3027
3451	3027
3451	3026
3452	3026
3452	3025
3454	3025
3454	3024
3456	3024
3456	3023
3457	3023
3457	3022
3460	3022
3460	3021
3462	3021
3462	3020
3464	3020
3464	3019
3465	3019
3465	3018
3466	3018
3466	3017
3468	3017
3468	3016
3470	3016
3470	3015
3472	3015
3472	3014
3473	3014
3473	3013
3475	3013
3475	3012
3477	3012
3477	3011
3479	3011
3479	3010
3481	3010
3481	3009
3483	3009
3483	3008
3484	3008
3484	3007
3486	3007
3486	3006
3488	3006
3488	3005
3490	3005
3490	3004
3492	3004
3492	3003
3494	3003
3494	3002
3496	3002
3496	3001
3498	3001
3498	3000
3499	3000
3499	2999
3501	2999
3501	2998
3504	2998
3504	2997
3505	2997
3505	2996
3507	2996
3507	2995
3510	2995
3510	2994
3513	2994
3513	2993
3515	2993
3515	2992
3517	2992
3517	2991
3520	2991
3520	2990
3522	2990
3522	2989
3524	2989
3524	2988
3526	2988
3526	2987
3530	2987
3530	2986
3532	2986
3532	2985
3533	2985
3533	2984
3535	2984
3535	2983
3538	2983
3538	2982
3539	2982
3539	2981
3541	2981
3541	2980
3543	2980
3543	2979
3545	2979
3545	2978
3547	2978
3547	2977
3549	2977
3549	2976
3552	2976
3552	2975
3554	2975
3554	2974
3556	2974
3556	2973
3558	2973
3558	2972
3560	2972
3560	2971
3563	2971
3563	2970
3565	2970
3565	2969
3567	2969
3567	2968
3569	2968
3569	2967
3572	2967
3572	2966
3573	2966
3573	2965
3575	2965
3575	2964
3577	2964
3577	2963
3578	2963
3578	2962
3580	2962
3580	2961
3582	2961
3582	2960
3583	2960
3583	2959
3585	2959
3585	2958
3586	2958
3586	2957
3588	2957
3588	2956
3589	2956
3589	2955
3590	2955
3590	2954
3592	2954
3592	2953
3593	2953
3593	2952
3592	2952
3592	2951
3594	2951
3594	2950
3598	2950
3598	2949
3601	2949
3601	2948
3602	2948
3602	2947
3605	2947
3605	2946
3607	2946
3607	2944
3608	2944
3608	2943
3610	2943
3610	2942
3616	2942
3616	2940
3618	2940
3618	2939
3619	2939
3619	2938
3624	2938
3624	2937
3626	2937
3626	2936
3627	2936
3627	2935
3628	2935
3628	2934
3632	2934
3632	2933
3634	2933
3634	2932
3636	2932
3636	2931
3640	2931
3640	2930
3642	2930
3642	2929
3645	2929
3645	2928
3648	2928
3648	2927
3650	2927
3650	2926
3652	2926
3652	2925
3654	2925
3654	2924
3658	2924
3658	2923
3660	2923
3660	2922
3663	2922
3663	2921
3666	2921
3666	2920
3668	2920
3668	2919
3670	2919
3670	2917
3675	2917
3675	2918
3677	2918
3677	2917
3676	2917
3676	2916
3681	2916
3681	2915
3680	2915
3680	2914
3681	2914
3681	2913
3684	2913
3684	2912
3686	2912
3686	2911
3687	2911
3687	2910
3690	2910
3690	2909
3692	2909
3692	2908
3694	2908
3694	2907
3697	2907
3697	2906
3698	2906
3698	2905
3701	2905
3701	2904
3703	2904
3703	2903
3704	2903
3704	2902
3708	2902
3708	2901
3710	2901
3710	2900
3712	2900
3712	2899
3715	2899
3715	2898
3718	2898
3718	2897
3720	2897
3720	2896
3722	2896
3722	2897
3724	2897
3724	2896
3725	2896
3725	2894
3727	2894
3727	2893
3728	2893
3728	2892
3730	2892
3730	2891
3731	2891
3731	2892
3733	2892
3733	2891
3735	2891
3735	2890
3736	2890
3736	2889
3737	2889
3737	2888
3741	2888
3741	2887
3743	2887
3743	2886
3745	2886
3745	2885
3746	2885
3746	2884
3748	2884
3748	2883
3749	2883
3749	2882
3750	2882
3750	2881
3752	2881
3752	2880
3753	2880
3753	2879
3755	2879
3755	2878
3756	2878
3756	2877
3758	2877
3758	2876
3760	2876
3760	2875
3761	2875
3761	2873
3763	2873
3763	2872
3766	2872
3766	2871
3770	2871
3770	2870
3772	2870
3772	2868
3773	2868
3773	2869
3774	2869
3774	2868
3777	2868
3777	2867
3778	2867
3778	2866
3780	2866
3780	2865
3779	2865
3779	2864
3781	2864
3781	2865
3783	2865
3783	2864
3785	2864
3785	2863
3787	2863
3787	2862
3788	2862
3788	2861
3790	2861
3790	2860
3792	2860
3792	2859
3794	2859
3794	2858
3795	2858
3795	2857
3796	2857
3796	2856
3798	2856
3798	2855
3800	2855
3800	2854
3802	2854
3802	2853
3803	2853
3803	2852
3805	2852
3805	2851
3806	2851
3806	2850
3808	2850
3808	2849
3810	2849
3810	2848
3811	2848
3811	2847
3813	2847
3813	2846
3815	2846
3815	2845
3817	2845
3817	2844
3818	2844
3818	2843
3820	2843
3820	2842
3822	2842
3822	2841
3823	2841
3823	2840
3826	2840
3826	2839
3825	2839
3825	2838
3827	2838
3827	2837
3830	2837
3830	2836
3831	2836
3831	2835
3836	2835
3836	2833
3838	2833
3838	2832
3839	2832
3839	2831
3842	2831
3842	2832
3843	2832
3843	2831
3844	2831
3844	2830
3846	2830
3846	2829
3847	2829
3847	2828
3848	2828
3848	2827
3849	2827
3849	2826
3851	2826
3851	2827
3853	2827
3853	2826
3855	2826
3855	2825
3857	2825
3857	2824
3859	2824
3859	2823
3861	2823
3861	2822
3862	2822
3862	2821
3863	2821
3863	2820
3864	2820
3864	2819
3866	2819
3866	2818
3867	2818
3867	2819
3869	2819
3869	2818
3870	2818
3870	2817
3871	2817
3871	2816
3874	2816
3874	2815
3875	2815
3875	2814
3879	2814
3879	2813
3880	2813
3880	2812
3882	2812
3882	2811
3886	2811
3886	2810
3888	2810
3888	2809
3890	2809
3890	2808
3894	2808
3894	2807
3896	2807
3896	2806
3900	2806
3900	2805
3903	2805
3903	2804
3905	2804
3905	2803
3908	2803
3908	2802
3910	2802
3910	2801
3913	2801
3913	2800
3915	2800
3915	2799
3917	2799
3917	2798
3921	2798
3921	2797
3923	2797
3923	2796
3924	2796
3924	2797
3926	2797
3926	2796
3928	2796
3928	2795
3927	2795
3927	2794
3928	2794
3928	2795
3930	2795
3930	2793
3933	2793
3933	2792
3935	2792
3935	2791
3937	2791
3937	2790
3939	2790
3939	2789
3940	2789
3940	2788
3942	2788
3942	2787
3944	2787
3944	2786
3947	2786
3947	2785
3948	2785
3948	2783
3950	2783
3950	2782
3952	2782
3952	2781
3953	2781
3953	2782
3955	2782
3955	2780
3959	2780
3959	2779
3961	2779
3961	2778
3962	2778
3962	2777
3963	2777
3963	2776
3965	2776
3965	2775
3966	2775
3966	2774
3968	2774
3968	2773
3969	2773
3969	2772
3971	2772
3971	2771
3972	2771
3972	2770
3973	2770
3973	2769
3975	2769
3975	2768
3976	2768
3976	2767
3978	2767
3978	2766
3979	2766
3979	2765
3981	2765
3981	2764
3982	2764
3982	2763
3984	2763
3984	2762
3986	2762
3986	2761
3988	2761
3988	2760
3989	2760
3989	2759
3991	2759
3991	2758
3993	2758
3993	2757
3995	2757
3995	2756
3997	2756
3997	2755
3999	2755
3999	2754
4000	2754
4000	2753
4002	2753
4002	2752
4005	2752
4005	2751
4007	2751
4007	2750
4008	2750
4008	2749
4010	2749
4010	2748
4013	2748
4013	2747
4016	2747
4016	2746
4018	2746
4018	2745
4020	2745
4020	2743
4021	2743
4021	2744
4022	2744
4022	2743
4023	2743
4023	2742
4025	2742
4025	2741
4027	2741
4027	2740
4030	2740
4030	2739
4032	2739
4032	2738
4033	2738
4033	2737
4034	2737
4034	2736
4038	2736
4038	2735
4041	2735
4041	2734
4042	2734
4042	2733
4044	2733
4044	2732
4048	2732
4048	2731
4049	2731
4049	2730
4052	2730
4052	2729
4053	2729
4053	2728
4056	2728
4056	2727
4058	2727
4058	2726
4060	2726
4060	2724
4065	2724
4065	2722
4067	2722
4067	2721
4068	2721
4068	2720
4071	2720
4071	2719
4072	2719
4072	2720
4074	2720
4074	2719
4075	2719
4075	2718
4077	2718
4077	2717
4080	2717
4080	2716
4081	2716
4081	2715
4083	2715
4083	2714
4085	2714
4085	2713
4086	2713
4086	2712
4087	2712
4087	2711
4089	2711
4089	2712
4090	2712
4090	2711
4091	2711
4091	2710
4093	2710
4093	2709
4095	2709
4095	2708
4099	2708
4099	2707
4101	2707
4101	2706
4102	2706
4102	2705
4104	2705
4104	2704
4107	2704
4107	2703
4108	2703
4108	2702
4110	2702
4110	2701
4112	2701
4112	2700
4115	2700
4115	2699
4118	2699
4118	2698
4119	2698
4119	2697
4123	2697
4123	2696
4125	2696
4125	2695
4129	2695
4129	2694
4130	2694
4130	2693
4133	2693
4133	2692
4135	2692
4135	2691
4138	2691
4138	2690
4142	2690
4142	2689
4144	2689
4144	2688
4146	2688
4146	2687
4151	2687
4151	2686
4153	2686
4153	2685
4155	2685
4155	2684
4159	2684
4159	2683
4162	2683
4162	2682
4164	2682
4164	2681
4167	2681
4167	2680
4169	2680
4169	2679
4171	2679
4171	2678
4173	2678
4173	2677
4176	2677
4176	2676
4177	2676
4177	2675
4179	2675
4179	2674
4182	2674
4182	2673
4185	2673
4185	2672
4186	2672
4186	2671
4188	2671
4188	2670
4190	2670
4190	2669
4193	2669
4193	2668
4195	2668
4195	2667
4196	2667
4196	2666
4197	2666
4197	2665
4199	2665
4199	2664
4202	2664
4202	2663
4206	2663
4206	2662
4208	2662
4208	2661
4212	2661
4212	2660
4214	2660
4214	2659
4217	2659
4217	2658
4219	2658
4219	2657
4222	2657
4222	2656
4226	2656
4226	2655
4230	2655
4230	2654
4234	2654
4234	2653
4240	2653
4240	2652
4244	2652
4244	2651
4247	2651
4247	2650
4250	2650
4250	2649
4254	2649
4254	2648
4255	2648
4255	2647
4260	2647
4260	2646
4261	2646
4261	2645
4264	2645
4264	2644
4268	2644
4268	2643
4269	2643
4269	2642
4272	2642
4272	2641
4274	2641
4274	2640
4277	2640
4277	2639
4279	2639
4279	2638
4281	2638
4281	2637
4283	2637
4283	2636
4285	2636
4285	2635
4286	2635
4286	2634
4289	2634
4289	2633
4291	2633
4291	2632
4293	2632
4293	2631
4296	2631
4296	2630
4298	2630
4298	2629
4301	2629
4301	2628
4304	2628
4304	2627
4306	2627
4306	2626
4307	2626
4307	2625
4311	2625
4311	2624
4314	2624
4314	2623
4315	2623
4315	2622
4320	2622
4320	2621
4321	2621
4321	2620
4324	2620
4324	2619
4328	2619
4328	2618
4330	2618
4330	2617
4333	2617
4333	2616
4337	2616
4337	2615
4341	2615
4341	2614
4344	2614
4344	2613
4348	2613
4348	2612
4351	2612
4351	2611
4355	2611
4355	2610
4358	2610
4358	2609
4362	2609
4362	2608
4364	2608
4364	2607
4367	2607
4367	2606
4370	2606
4370	2605
4373	2605
4373	2604
4374	2604
4374	2603
4377	2603
4377	2602
4383	2602
4383	2601
4388	2601
4388	2600
4393	2600
4393	2599
4398	2599
4398	2598
4402	2598
4402	2597
4407	2597
4407	2596
4412	2596
4412	2595
4416	2595
4416	2594
4418	2594
4418	2593
4422	2593
4422	2592
4430	2592
4430	2591
4435	2591
4435	2590
4440	2590
4440	2589
4442	2589
4442	2588
4446	2588
4446	2587
4449	2587
4449	2586
4453	2586
4453	2585
4457	2585
4457	2584
4460	2584
4460	2583
4464	2583
4464	2582
4468	2582
4468	2581
4472	2581
4472	2580
4478	2580
4478	2579
4484	2579
4484	2578
4491	2578
4491	2577
4498	2577
4498	2576
4526	2576
4526	2577
4543	2577
4543	2578
4559	2578
4559	2579
4566	2579
4566	2580
4572	2580
4572	2581
4575	2581
4575	2582
4578	2582
4578	2583
4580	2583
4580	2584
4582	2584
4582	2585
4584	2585
4584	2586
4586	2586
4586	2587
4587	2587
4587	2588
4589	2588
4589	2589
4590	2589
4590	2590
4591	2590
4591	2591
4592	2591
4592	2592
4593	2592
4593	2593
4594	2593
4594	2594
4595	2594
4595	2596
4596	2596
4596	2598
4597	2598
4597	2600
4598	2600
4598	2601
4601	2601
4601	2603
4600	2603
4600	2606
4599	2606
4599	2607
4603	2607
4603	2608
4604	2608
4604	2609
4605	2609
4605	2612
4606	2612
4606	2616
4607	2616
4607	2619
4606	2619
4606	2622
4605	2622
4605	2624
4604	2624
4604	2626
4603	2626
4603	2628
4602	2628
4602	2629
4601	2629
4601	2631
4600	2631
4600	2633
4599	2633
4599	2634
4598	2634
4598	2635
4597	2635
4597	2636
4596	2636
4596	2637
4595	2637
4595	2638
4594	2638
4594	2639
4593	2639
4593	2641
4592	2641
4592	2642
4590	2642
4590	2643
4589	2643
4589	2644
4588	2644
4588	2645
4587	2645
4587	2646
4586	2646
4586	2647
4584	2647
4584	2649
4583	2649
4583	2650
4580	2650
4580	2651
4579	2651
4579	2652
4578	2652
4578	2653
4576	2653
4576	2654
4575	2654
4575	2655
4573	2655
4573	2656
4571	2656
4571	2657
4569	2657
4569	2658
4568	2658
4568	2659
4566	2659
4566	2660
4564	2660
4564	2661
4562	2661
4562	2662
4560	2662
4560	2663
4558	2663
4558	2664
4556	2664
4556	2665
4554	2665
4554	2666
4553	2666
4553	2667
4551	2667
4551	2668
4549	2668
4549	2669
4547	2669
4547	2670
4546	2670
4546	2671
4544	2671
4544	2672
4541	2672
4541	2673
4539	2673
4539	2674
4537	2674
4537	2675
4534	2675
4534	2676
4533	2676
4533	2677
4530	2677
4530	2678
4528	2678
4528	2679
4526	2679
4526	2680
4524	2680
4524	2681
4521	2681
4521	2682
4519	2682
4519	2683
4516	2683
4516	2684
4514	2684
4514	2685
4511	2685
4511	2686
4509	2686
4509	2687
4506	2687
4506	2688
4505	2688
4505	2689
4503	2689
4503	2690
4501	2690
4501	2691
4500	2691
4500	2692
4498	2692
4498	2693
4496	2693
4496	2694
4494	2694
4494	2695
4492	2695
4492	2696
4489	2696
4489	2697
4487	2697
4487	2698
4485	2698
4485	2699
4483	2699
4483	2700
4481	2700
4481	2701
4479	2701
4479	2702
4476	2702
4476	2703
4475	2703
4475	2704
4472	2704
4472	2705
4470	2705
4470	2706
4468	2706
4468	2707
4466	2707
4466	2708
4464	2708
4464	2709
4462	2709
4462	2710
4460	2710
4460	2711
4458	2711
4458	2712
4456	2712
4456	2713
4454	2713
4454	2714
4451	2714
4451	2715
4449	2715
4449	2716
4448	2716
4448	2717
4445	2717
4445	2718
4443	2718
4443	2719
4441	2719
4441	2720
4439	2720
4439	2721
4436	2721
4436	2722
4433	2722
4433	2723
4431	2723
4431	2724
4429	2724
4429	2725
4427	2725
4427	2726
4425	2726
4425	2727
4423	2727
4423	2728
4422	2728
4422	2729
4420	2729
4420	2730
4418	2730
4418	2731
4415	2731
4415	2732
4414	2732
4414	2733
4412	2733
4412	2734
4410	2734
4410	2735
4407	2735
4407	2736
4405	2736
4405	2737
4403	2737
4403	2738
4401	2738
4401	2739
4399	2739
4399	2740
4396	2740
4396	2741
4394	2741
4394	2742
4392	2742
4392	2743
4389	2743
4389	2744
4387	2744
4387	2745
4385	2745
4385	2746
4382	2746
4382	2747
4380	2747
4380	2748
4378	2748
4378	2749
4375	2749
4375	2750
4373	2750
4373	2751
4370	2751
4370	2752
4368	2752
4368	2753
4366	2753
4366	2754
4364	2754
4364	2755
4362	2755
4362	2756
4360	2756
4360	2757
4357	2757
4357	2758
4355	2758
4355	2759
4351	2759
4351	2760
4349	2760
4349	2761
4346	2761
4346	2762
4344	2762
4344	2763
4341	2763
4341	2764
4338	2764
4338	2765
4335	2765
4335	2766
4333	2766
4333	2767
4331	2767
4331	2768
4329	2768
4329	2769
4327	2769
4327	2770
4325	2770
4325	2771
4322	2771
4322	2772
4319	2772
4319	2773
4316	2773
4316	2774
4313	2774
4313	2775
4311	2775
4311	2776
4309	2776
4309	2777
4305	2777
4305	2778
4302	2778
4302	2779
4300	2779
4300	2780
4298	2780
4298	2781
4296	2781
4296	2782
4294	2782
4294	2783
4292	2783
4292	2784
4290	2784
4290	2785
4288	2785
4288	2786
4286	2786
4286	2787
4284	2787
4284	2788
4281	2788
4281	2789
4278	2789
4278	2790
4276	2790
4276	2791
4273	2791
4273	2792
4270	2792
4270	2793
4266	2793
4266	2794
4263	2794
4263	2795
4261	2795
4261	2796
4259	2796
4259	2797
4257	2797
4257	2798
4254	2798
4254	2799
4251	2799
4251	2800
4249	2800
4249	2801
4246	2801
4246	2802
4244	2802
4244	2803
4241	2803
4241	2804
4238	2804
4238	2805
4235	2805
4235	2806
4233	2806
4233	2807
4230	2807
4230	2808
4228	2808
4228	2809
4225	2809
4225	2810
4222	2810
4222	2811
4220	2811
4220	2812
4218	2812
4218	2813
4216	2813
4216	2814
4214	2814
4214	2815
4212	2815
4212	2816
4208	2816
4208	2817
4206	2817
4206	2818
4204	2818
4204	2819
4202	2819
4202	2820
4200	2820
4200	2821
4198	2821
4198	2822
4196	2822
4196	2823
4194	2823
4194	2824
4192	2824
4192	2825
4189	2825
4189	2826
4187	2826
4187	2827
4184	2827
4184	2828
4183	2828
4183	2829
4181	2829
4181	2830
4179	2830
4179	2831
4177	2831
4177	2832
4175	2832
4175	2833
4173	2833
4173	2834
4171	2834
4171	2835
4170	2835
4170	2836
4169	2836
4169	2837
4167	2837
4167	2838
4165	2838
4165	2839
4162	2839
4162	2840
4160	2840
4160	2841
4158	2841
4158	2842
4156	2842
4156	2843
4153	2843
4153	2844
4151	2844
4151	2845
4149	2845
4149	2846
4147	2846
4147	2847
4145	2847
4145	2848
4143	2848
4143	2849
4142	2849
4142	2850
4141	2850
4141	2851
4140	2851
4140	2852
4138	2852
4138	2853
4137	2853
4137	2854
4135	2854
4135	2855
4133	2855
4133	2856
4131	2856
4131	2857
4129	2857
4129	2858
4127	2858
4127	2859
4125	2859
4125	2860
4123	2860
4123	2861
4120	2861
4120	2862
4118	2862
4118	2863
4116	2863
4116	2864
4114	2864
4114	2865
4112	2865
4112	2866
4110	2866
4110	2867
4108	2867
4108	2868
4106	2868
4106	2869
4104	2869
4104	2870
4103	2870
4103	2871
4102	2871
4102	2872
4100	2872
4100	2873
4098	2873
4098	2874
4096	2874
4096	2875
4093	2875
4093	2876
4090	2876
4090	2877
4086	2877
4086	2878
4083	2878
4083	2879
4081	2879
4081	2880
4079	2880
4079	2881
4075	2881
4075	2882
4073	2882
4073	2883
4069	2883
4069	2884
4067	2884
4067	2885
4065	2885
4065	2886
4062	2886
4062	2887
4059	2887
4059	2888
4056	2888
4056	2889
4054	2889
4054	2890
4051	2890
4051	2891
4049	2891
4049	2892
4046	2892
4046	2893
4043	2893
4043	2894
4041	2894
4041	2895
4039	2895
4039	2896
4037	2896
4037	2897
4035	2897
4035	2898
4033	2898
4033	2899
4030	2899
4030	2900
4028	2900
4028	2901
4025	2901
4025	2902
4023	2902
4023	2903
4021	2903
4021	2904
4019	2904
4019	2905
4017	2905
4017	2906
4015	2906
4015	2907
4013	2907
4013	2908
4011	2908
4011	2909
4009	2909
4009	2910
4007	2910
4007	2911
4005	2911
4005	2912
4003	2912
4003	2913
4001	2913
4001	2914
4000	2914
4000	2915
3998	2915
3998	2916
3997	2916
3997	2917
3995	2917
3995	2918
3993	2918
3993	2919
3991	2919
3991	2920
3989	2920
3989	2921
3988	2921
3988	2922
3986	2922
3986	2923
3984	2923
3984	2924
3982	2924
3982	2925
3980	2925
3980	2926
3978	2926
3978	2927
3976	2927
3976	2928
3974	2928
3974	2929
3972	2929
3972	2930
3970	2930
3970	2931
3969	2931
3969	2932
3967	2932
3967	2933
3966	2933
3966	2934
3964	2934
3964	2935
3962	2935
3962	2936
3959	2936
3959	2937
3958	2937
3958	2938
3956	2938
3956	2939
3953	2939
3953	2940
3950	2940
3950	2941
3949	2941
3949	2942
3947	2942
3947	2943
3945	2943
3945	2944
3943	2944
3943	2945
3940	2945
3940	2946
3938	2946
3938	2947
3936	2947
3936	2948
3935	2948
3935	2949
3933	2949
3933	2950
3931	2950
3931	2951
3930	2951
3930	2952
3928	2952
3928	2953
3927	2953
3927	2954
3925	2954
3925	2955
3924	2955
3924	2956
3922	2956
3922	2957
3921	2957
3921	2958
3919	2958
3919	2959
3917	2959
3917	2960
3915	2960
3915	2961
3913	2961
3913	2962
3911	2962
3911	2963
3909	2963
3909	2964
3907	2964
3907	2965
3905	2965
3905	2966
3903	2966
3903	2967
3901	2967
3901	2968
3899	2968
3899	2969
3897	2969
3897	2970
3896	2970
3896	2971
3894	2971
3894	2972
3892	2972
3892	2973
3891	2973
3891	2974
3889	2974
3889	2975
3887	2975
3887	2976
3885	2976
3885	2977
3883	2977
3883	2978
3882	2978
3882	2979
3881	2979
3881	2980
3880	2980
3880	2981
3878	2981
3878	2982
3876	2982
3876	2983
3875	2983
3875	2984
3873	2984
3873	2985
3872	2985
3872	2986
3871	2986
3871	2987
3869	2987
3869	2988
3867	2988
3867	2989
3865	2989
3865	2990
3864	2990
3864	2991
3862	2991
3862	2992
3860	2992
3860	2993
3858	2993
3858	2994
3856	2994
3856	2995
3855	2995
3855	2996
3852	2996
3852	2997
3851	2997
3851	2998
3849	2998
3849	2999
3847	2999
3847	3000
3846	3000
3846	3001
3844	3001
3844	3002
3842	3002
3842	3003
3840	3003
3840	3004
3837	3004
3837	3006
3835	3006
3835	3007
3833	3007
3833	3008
3831	3008
3831	3009
3829	3009
3829	3010
3828	3010
3828	3011
3827	3011
3827	3012
3825	3012
3825	3013
3824	3013
3824	3014
3822	3014
3822	3015
3821	3015
3821	3016
3819	3016
3819	3017
3818	3017
3818	3018
3816	3018
3816	3019
3814	3019
3814	3020
3813	3020
3813	3021
3811	3021
3811	3022
3809	3022
3809	3023
3808	3023
3808	3024
3806	3024
3806	3025
3804	3025
3804	3026
3802	3026
3802	3027
3801	3027
3801	3028
3799	3028
3799	3029
3797	3029
3797	3030
3796	3030
3796	3031
3794	3031
3794	3032
3793	3032
3793	3033
3792	3033
3792	3034
3790	3034
3790	3035
3788	3035
3788	3036
3787	3036
3787	3037
3785	3037
3785	3038
3784	3038
3784	3039
3782	3039
3782	3040
3781	3040
3781	3041
3779	3041
3779	3042
3778	3042
3778	3043
3776	3043
3776	3044
3774	3044
3774	3045
3771	3045
3771	3046
3770	3046
3770	3047
3768	3047
3768	3048
3766	3048
3766	3049
3764	3049
3764	3050
3763	3050
3763	3051
3761	3051
3761	3052
3759	3052
3759	3053
3758	3053
3758	3054
3756	3054
3756	3055
3755	3055
3755	3056
3753	3056
3753	3057
3752	3057
3752	3058
3750	3058
3750	3059
3748	3059
3748	3060
3746	3060
3746	3061
3744	3061
3744	3062
3741	3062
3741	3063
3738	3063
3738	3064
3737	3064
3737	3065
3734	3065
3734	3066
3732	3066
3732	3067
3729	3067
3729	3068
3726	3068
3726	3069
3724	3069
3724	3070
3721	3070
3721	3071
3720	3071
3720	3072
3718	3072
3718	3073
3716	3073
3716	3074
3713	3074
3713	3075
3711	3075
3711	3076
3709	3076
3709	3077
3705	3077
3705	3078
3704	3078
3704	3079
3701	3079
3701	3080
3699	3080
3699	3081
3697	3081
3697	3082
3695	3082
3695	3083
3693	3083
3693	3084
3692	3084
3692	3085
3689	3085
3689	3086
3687	3086
3687	3087
3685	3087
3685	3088
3684	3088
3684	3089
3681	3089
3681	3090
3679	3090
3679	3091
3677	3091
3677	3092
3675	3092
3675	3093
3674	3093
3674	3094
3672	3094
3672	3095
3669	3095
3669	3096
3667	3096
3667	3097
3665	3097
3665	3098
3663	3098
3663	3099
3660	3099
3660	3100
3658	3100
3658	3101
3655	3101
3655	3102
3653	3102
3653	3103
3651	3103
3651	3104
3649	3104
3649	3105
3647	3105
3647	3106
3645	3106
3645	3107
3642	3107
3642	3108
3640	3108
3640	3109
3638	3109
3638	3110
3637	3110
3637	3111
3635	3111
3635	3112
3632	3112
3632	3113
3630	3113
3630	3114
3628	3114
3628	3115
3625	3115
3625	3116
3623	3116
3623	3117
3620	3117
3620	3118
3617	3118
3617	3119
3615	3119
3615	3120
3614	3120
3614	3121
3611	3121
3611	3122
3609	3122
3609	3123
3606	3123
3606	3124
3605	3124
3605	3125
3602	3125
3602	3126
3600	3126
3600	3127
3599	3127
3599	3128
3597	3128
3597	3129
3595	3129
3595	3130
3593	3130
3593	3131
3591	3131
3591	3132
3589	3132
3589	3133
3586	3133
3586	3134
3584	3134
3584	3135
3582	3135
3582	3136
3580	3136
3580	3137
3577	3137
3577	3138
3575	3138
3575	3139
3573	3139
3573	3140
3571	3140
3571	3141
3569	3141
3569	3142
3567	3142
3567	3143
3565	3143
3565	3144
3563	3144
3563	3145
3560	3145
3560	3146
3558	3146
3558	3147
3554	3147
3554	3148
3551	3148
3551	3149
3550	3149
3550	3150
3548	3150
3548	3151
3544	3151
3544	3152
3541	3152
3541	3153
3539	3153
3539	3154
3536	3154
3536	3155
3533	3155
3533	3156
3530	3156
3530	3157
3527	3157
3527	3158
3524	3158
3524	3159
3520	3159
3520	3160
3516	3160
3516	3161
3512	3161
3512	3162
3509	3162
3509	3163
3506	3163
3506	3164
3503	3164
3503	3165
3498	3165
3498	3166
3494	3166
3494	3167
3490	3167
3490	3168
3488	3168
3488	3169
3485	3169
3485	3170
3482	3170
3482	3171
3479	3171
3479	3172
3476	3172
3476	3173
3473	3173
3473	3174
3470	3174
3470	3175
3466	3175
3466	3176
3464	3176
3464	3177
3462	3177
3462	3178
3459	3178
3459	3179
3456	3179
3456	3180
3454	3180
3454	3181
3453	3181
3453	3182
3451	3182
3451	3183
3448	3183
3448	3184
3447	3184
3447	3185
3446	3185
3446	3186
3444	3186
3444	3187
3442	3187
3442	3188
3440	3188
3440	3189
3438	3189
3438	3190
3437	3190
3437	3191
3435	3191
3435	3192
3432	3192
3432	3193
3430	3193
3430	3194
3428	3194
3428	3195
3424	3195
3424	3196
3421	3196
3421	3197
3419	3197
3419	3198
3416	3198
3416	3199
3414	3199
3414	3200
3412	3200
3412	3201
3410	3201
3410	3202
3407	3202
3407	3203
3405	3203
3405	3204
3403	3204
3403	3205
3401	3205
3401	3206
3399	3206
3399	3207
3396	3207
3396	3208
3393	3208
3393	3209
3389	3209
3389	3210
3387	3210
3387	3211
3382	3211
3382	3212
3380	3212
3380	3213
3377	3213
3377	3214
3373	3214
3373	3215
3370	3215
3370	3216
3368	3216
3368	3217
3365	3217
3365	3218
3363	3218
3363	3219
3360	3219
3360	3220
3357	3220
3357	3221
3353	3221
3353	3222
3350	3222
3350	3223
3347	3223
3347	3224
3344	3224
3344	3225
3340	3225
3340	3226
3337	3226
3337	3227
3335	3227
3335	3228
3333	3228
3333	3229
3330	3229
3330	3230
3328	3230
3328	3231
3325	3231
3325	3232
3322	3232
3322	3233
3319	3233
3319	3234
3317	3234
3317	3235
3315	3235
3315	3240
3314	3240
3314	3241
3303	3241
3303	3242
3301	3242
3301	3243
3298	3243
3298	3244
3296	3244
3296	3245
3294	3245
3294	3246
3292	3246
3292	3247
3291	3247
3291	3248
3290	3248
3290	3249
3288	3249
3288	3250
3287	3250
3287	3251
3286	3251
3286	3252
3284	3252
3284	3253
3283	3253
3283	3256
3282	3256
3282	3257
3281	3257
3281	3258
3280	3258
3280	3259
3279	3259
3279	3262
3278	3262
3278	3269
3277	3269
3277	3271
3278	3271
3278	3274
3279	3274
3279	3276
3280	3276
3280	3277
3281	3277
3281	3278
3282	3278
3282	3279
3283	3279
3283	3280
3284	3280
3284	3281
3285	3281
3285	3282
3286	3282
3286	3283
3287	3283
3287	3284
3289	3284
3289	3285
3291	3285
3291	3286
3292	3286
3292	3287
3294	3287
3294	3288
3296	3288
3296	3289
3298	3289
3298	3290
3300	3290
3300	3291
3302	3291
3302	3292
3304	3292
3304	3293
3308	3293
3308	3294
3310	3294
3310	3295
3313	3295
3313	3296
3316	3296
3316	3297
3317	3297
3317	3298
3319	3298
3319	3299
3321	3299
3321	3300
3324	3300
3324	3301
3326	3301
3326	3302
3328	3302
3328	3303
3332	3303
3332	3304
3334	3304
3334	3305
3335	3305
3335	3306
3338	3306
3338	3307
3342	3307
3342	3308
3343	3308
3343	3309
3346	3309
3346	3310
3348	3310
3348	3311
3351	3311
3351	3312
3353	3312
3353	3314
3354	3314
3354	3315
3359	3315
3359	3316
3360	3316
3360	3317
3362	3317
3362	3318
3364	3318
3364	3319
3365	3319
3365	3320
3368	3320
3368	3321
3369	3321
3369	3322
3371	3322
3371	3323
3372	3323
3372	3324
3375	3324
3375	3325
3377	3325
3377	3326
3379	3326
3379	3327
3381	3327
3381	3328
3382	3328
3382	3329
3383	3329
3383	3328
3384	3328
3384	3329
3385	3329
3385	3330
3388	3330
3388	3331
3390	3331
3390	3332
3394	3332
3394	3333
3396	3333
3396	3334
3399	3334
3399	3335
3400	3335
3400	3334
3401	3334
3401	3335
3402	3335
3402	3336
3405	3336
3405	3337
3407	3337
3407	3338
3410	3338
3410	3339
3412	3339
3412	3340
3414	3340
3414	3341
3416	3341
3416	3342
3419	3342
3419	3343
3421	3343
3421	3344
3423	3344
3423	3345
3424	3345
3424	3346
3426	3346
3426	3347
3428	3347
3428	3348
3429	3348
3429	3349
3431	3349
3431	3350
3432	3350
3432	3351
3434	3351
3434	3352
3436	3352
3436	3353
3438	3353
3438	3354
3439	3354
3439	3355
3440	3355
3440	3356
3443	3356
3443	3357
3445	3357
3445	3358
3446	3358
3446	3359
3448	3359
3448	3360
3449	3360
3449	3361
3451	3361
3451	3362
3453	3362
3453	3363
3455	3363
3455	3364
3456	3364
3456	3365
3458	3365
3458	3366
3460	3366
3460	3367
3462	3367
3462	3368
3463	3368
3463	3369
3465	3369
3465	3370
3466	3370
3466	3371
3468	3371
3468	3372
3470	3372
3470	3373
3472	3373
3472	3374
3473	3374
3473	3375
3475	3375
3475	3376
3478	3376
3478	3377
3479	3377
3479	3378
3481	3378
3481	3379
3482	3379
3482	3380
3485	3380
3485	3381
3486	3381
3486	3382
3488	3382
3488	3383
3491	3383
3491	3384
3492	3384
3492	3385
3495	3385
3495	3386
3497	3386
3497	3387
3498	3387
3498	3388
3500	3388
3500	3389
3502	3389
3502	3390
3504	3390
3504	3391
3505	3391
3505	3392
3507	3392
3507	3393
3508	3393
3508	3394
3510	3394
3510	3395
3511	3395
3511	3396
3513	3396
3513	3397
3515	3397
3515	3398
3517	3398
3517	3399
3520	3399
3520	3400
3522	3400
3522	3401
3524	3401
3524	3402
3526	3402
3526	3403
3527	3403
3527	3404
3530	3404
3530	3405
3532	3405
3532	3406
3533	3406
3533	3407
3536	3407
3536	3408
3539	3408
3539	3409
3542	3409
3542	3410
3545	3410
3545	3411
3547	3411
3547	3412
3549	3412
3549	3413
3550	3413
3550	3414
3552	3414
3552	3415
3554	3415
3554	3416
3556	3416
3556	3417
3558	3417
3558	3418
3559	3418
3559	3419
3560	3419
3560	3420
3562	3420
3562	3421
3564	3421
3564	3422
3565	3422
3565	3423
3567	3423
3567	3424
3568	3424
3568	3425
3570	3425
3570	3426
3572	3426
3572	3427
3574	3427
3574	3428
3576	3428
3576	3429
3577	3429
3577	3430
3579	3430
3579	3431
3580	3431
3580	3432
3582	3432
3582	3433
3584	3433
3584	3434
3586	3434
3586	3435
3587	3435
3587	3436
3589	3436
3589	3437
3590	3437
3590	3438
3592	3438
3592	3439
3594	3439
3594	3440
3596	3440
3596	3441
3598	3441
3598	3442
3599	3442
3599	3443
3601	3443
3601	3444
3603	3444
3603	3445
3605	3445
3605	3446
3607	3446
3607	3447
3608	3447
3608	3448
3609	3448
3609	3449
3611	3449
3611	3450
3613	3450
3613	3451
3615	3451
3615	3452
3616	3452
3616	3453
3618	3453
3618	3454
3619	3454
3619	3455
3621	3455
3621	3456
3623	3456
3623	3457
3625	3457
3625	3458
3626	3458
3626	3459
3628	3459
3628	3460
3630	3460
3630	3461
3632	3461
3632	3462
3634	3462
3634	3463
3635	3463
3635	3464
3637	3464
3637	3465
3639	3465
3639	3466
3641	3466
3641	3467
3643	3467
3643	3468
3644	3468
3644	3469
3646	3469
3646	3470
3648	3470
3648	3471
3650	3471
3650	3472
3652	3472
3652	3473
3654	3473
3654	3474
3656	3474
3656	3475
3658	3475
3658	3476
3659	3476
3659	3477
3661	3477
3661	3478
3662	3478
3662	3479
3664	3479
3664	3480
3666	3480
3666	3481
3668	3481
3668	3482
3670	3482
3670	3483
3672	3483
3672	3484
3674	3484
3674	3485
3676	3485
3676	3486
3677	3486
3677	3487
3679	3487
3679	3488
3681	3488
3681	3489
3683	3489
3683	3490
3685	3490
3685	3491
3687	3491
3687	3492
3688	3492
3688	3493
3691	3493
3691	3494
3693	3494
3693	3495
3695	3495
3695	3496
3696	3496
3696	3497
3698	3497
3698	3498
3700	3498
3700	3499
3701	3499
3701	3500
3703	3500
3703	3501
3705	3501
3705	3502
3706	3502
3706	3503
3708	3503
3708	3504
3709	3504
3709	3505
3711	3505
3711	3506
3712	3506
3712	3507
3713	3507
3713	3508
3715	3508
3715	3509
3717	3509
3717	3510
3718	3510
3718	3511
3720	3511
3720	3512
3721	3512
3721	3514
3723	3514
3723	3515
3725	3515
3725	3516
3726	3516
3726	3517
3727	3517
3727	3518
3728	3518
3728	3519
3730	3519
3730	3520
3732	3520
3732	3521
3734	3521
3734	3522
3736	3522
3736	3523
3738	3523
3738	3524
3741	3524
3741	3525
3743	3525
3743	3526
3744	3526
3744	3527
3746	3527
3746	3528
3749	3528
3749	3529
3750	3529
3750	3530
3752	3530
3752	3531
3754	3531
3754	3532
3755	3532
3755	3533
3757	3533
3757	3534
3759	3534
3759	3535
3760	3535
3760	3536
3762	3536
3762	3537
3763	3537
3763	3538
3765	3538
3765	3539
3767	3539
3767	3540
3769	3540
3769	3541
3771	3541
3771	3542
3773	3542
3773	3543
3775	3543
3775	3544
3777	3544
3777	3545
3780	3545
3780	3546
3782	3546
3782	3547
3785	3547
3785	3548
3787	3548
3787	3549
3790	3549
3790	3550
3792	3550
3792	3551
3794	3551
3794	3552
3796	3552
3796	3553
3798	3553
3798	3554
3801	3554
3801	3555
3804	3555
3804	3556
3807	3556
3807	3557
3810	3557
3810	3558
3812	3558
3812	3559
3814	3559
3814	3560
3816	3560
3816	3561
3819	3561
3819	3562
3821	3562
3821	3563
3823	3563
3823	3564
3825	3564
3825	3565
3828	3565
3828	3566
3830	3566
3830	3567
3832	3567
3832	3568
3836	3568
3836	3569
3837	3569
3837	3570
3840	3570
3840	3571
3843	3571
3843	3572
3846	3572
3846	3573
3848	3573
3848	3574
3851	3574
3851	3575
3854	3575
3854	3576
3856	3576
3856	3577
3858	3577
3858	3578
3860	3578
3860	3579
3862	3579
3862	3580
3864	3580
3864	3581
3866	3581
3866	3582
3868	3582
3868	3583
3871	3583
3871	3584
3873	3584
3873	3585
3875	3585
3875	3586
3877	3586
3877	3587
3879	3587
3879	3588
3881	3588
3881	3589
3883	3589
3883	3590
3885	3590
3885	3591
3886	3591
3886	3592
3888	3592
3888	3593
3889	3593
3889	3594
3891	3594
3891	3595
3893	3595
3893	3596
3894	3596
3894	3597
3896	3597
3896	3598
3898	3598
3898	3599
3900	3599
3900	3600
3902	3600
3902	3601
3904	3601
3904	3602
3907	3602
3907	3603
3910	3603
3910	3604
3914	3604
3914	3605
3916	3605
3916	3606
3919	3606
3919	3607
3922	3607
3922	3608
3924	3608
3924	3609
3926	3609
3926	3610
3930	3610
3930	3611
3932	3611
3932	3612
3935	3612
3935	3613
3938	3613
3938	3614
3940	3614
3940	3615
3943	3615
3943	3616
3945	3616
3945	3617
3947	3617
3947	3618
3950	3618
3950	3619
3954	3619
3954	3620
3957	3620
3957	3621
3959	3621
3959	3622
3962	3622
3962	3623
3965	3623
3965	3624
3967	3624
3967	3625
3969	3625
3969	3626
3972	3626
3972	3627
3974	3627
3974	3628
3976	3628
3976	3629
3978	3629
3978	3630
3980	3630
3980	3631
3982	3631
3982	3632
3985	3632
3985	3633
3987	3633
3987	3634
3989	3634
3989	3635
3991	3635
3991	3636
3993	3636
3993	3637
3996	3637
3996	3638
3997	3638
3997	3639
4000	3639
4000	3640
4001	3640
4001	3641
4003	3641
4003	3642
4006	3642
4006	3643
4008	3643
4008	3644
4009	3644
4009	3645
4011	3645
4011	3646
4013	3646
4013	3647
4014	3647
4014	3648
4015	3648
4015	3649
4017	3649
4017	3650
4018	3650
4018	3651
4019	3651
4019	3652
4021	3652
4021	3653
4022	3653
4022	3654
4024	3654
4024	3655
4025	3655
4025	3656
4026	3656
4026	3657
4028	3657
4028	3658
4029	3658
4029	3659
4030	3659
4030	3660
4031	3660
4031	3661
4032	3661
4032	3662
4033	3662
4033	3663
4034	3663
4034	3664
4035	3664
4035	3665
4036	3665
4036	3666
4037	3666
4037	3667
4038	3667
4038	3668
4039	3668
4039	3669
4040	3669
4040	3671
4041	3671
4041	3672
4042	3672
4042	3674
4043	3674
4043	3676
4044	3676
4044	3678
4045	3678
4045	3679
4046	3679
4046	3682
4047	3682
4047	3687
4048	3687
4048	3692
4047	3692
4047	3693
4044	3693
4044	3695
4045	3695
4045	3698
4044	3698
4044	3699
4043	3699
4043	3701
4042	3701
4042	3702
4041	3702
4041	3703
4039	3703
4039	3704
4037	3704
4037	3705
4035	3705
4035	3706
4033	3706
4033	3707
4029	3707
4029	3708
4010	3708
4010	3707
3999	3707
3999	3706
3990	3706
3990	3705
3983	3705
3983	3704
3980	3704
3980	3703
3976	3703
3976	3702
3968	3702
3968	3701
3964	3701
3964	3700
3960	3700
3960	3699
3956	3699
3956	3698
3953	3698
3953	3697
3948	3697
3948	3696
3946	3696
3946	3695
3940	3695
3940	3694
3936	3694
3936	3693
3935	3693
3935	3694
3934	3694
3934	3693
3930	3693
3930	3692
3927	3692
3927	3691
3924	3691
3924	3690
3922	3690
3922	3689
3919	3689
3919	3688
3914	3688
3914	3687
3908	3687
3908	3686
3904	3686
3904	3685
3900	3685
3900	3684
3895	3684
3895	3683
3891	3683
3891	3682
3888	3682
3888	3681
3883	3681
3883	3680
3880	3680
3880	3679
3877	3679
3877	3678
3873	3678
3873	3677
3871	3677
3871	3676
3868	3676
3868	3675
3864	3675
3864	3674
3862	3674
3862	3673
3860	3673
3860	3672
3857	3672
3857	3671
3855	3671
3855	3670
3852	3670
3852	3669
3848	3669
3848	3668
3845	3668
3845	3667
3841	3667
3841	3666
3839	3666
3839	3665
3835	3665
3835	3664
3831	3664
3831	3663
3829	3663
3829	3662
3827	3662
3827	3661
3823	3661
3823	3660
3820	3660
3820	3659
3818	3659
3818	3658
3815	3658
3815	3657
3811	3657
3811	3656
3808	3656
3808	3655
3805	3655
3805	3654
3802	3654
3802	3653
3800	3653
3800	3652
3797	3652
3797	3651
3794	3651
3794	3650
3791	3650
3791	3649
3789	3649
3789	3648
3787	3648
3787	3647
3783	3647
3783	3646
3781	3646
3781	3645
3777	3645
3777	3644
3775	3644
3775	3643
3772	3643
3772	3642
3770	3642
3770	3641
3767	3641
3767	3640
3766	3640
3766	3639
3764	3639
3764	3638
3762	3638
3762	3637
3760	3637
3760	3636
3758	3636
3758	3635
3756	3635
3756	3634
3754	3634
3754	3633
3752	3633
3752	3632
3750	3632
3750	3631
3749	3631
3749	3630
3746	3630
3746	3629
3744	3629
3744	3628
3741	3628
3741	3627
3738	3627
3738	3626
3735	3626
3735	3625
3732	3625
3732	3624
3729	3624
3729	3623
3725	3623
3725	3622
3722	3622
3722	3621
3720	3621
3720	3620
3717	3620
3717	3619
3713	3619
3713	3618
3711	3618
3711	3617
3708	3617
3708	3616
3706	3616
3706	3615
3703	3615
3703	3614
3701	3614
3701	3613
3698	3613
3698	3612
3695	3612
3695	3611
3691	3611
3691	3610
3688	3610
3688	3609
3686	3609
3686	3608
3684	3608
3684	3607
3682	3607
3682	3606
3678	3606
3678	3605
3675	3605
3675	3604
3672	3604
3672	3603
3669	3603
3669	3602
3666	3602
3666	3601
3663	3601
3663	3600
3661	3600
3661	3599
3659	3599
3659	3598
3655	3598
3655	3597
3653	3597
3653	3596
3651	3596
3651	3595
3648	3595
3648	3594
3646	3594
3646	3593
3644	3593
3644	3592
3641	3592
3641	3591
3638	3591
3638	3590
3636	3590
3636	3589
3634	3589
3634	3588
3632	3588
3632	3587
3628	3587
3628	3586
3626	3586
3626	3585
3624	3585
3624	3584
3622	3584
3622	3583
3620	3583
3620	3582
3618	3582
3618	3581
3616	3581
3616	3580
3614	3580
3614	3579
3611	3579
3611	3578
3608	3578
3608	3577
3605	3577
3605	3576
3602	3576
3602	3575
3600	3575
3600	3574
3598	3574
3598	3573
3595	3573
3595	3572
3593	3572
3593	3571
3591	3571
3591	3570
3589	3570
3589	3569
3587	3569
3587	3568
3585	3568
3585	3567
3582	3567
3582	3566
3579	3566
3579	3565
3577	3565
3577	3564
3576	3564
3576	3563
3574	3563
3574	3562
3572	3562
3572	3561
3570	3561
3570	3560
3569	3560
3569	3559
3567	3559
3567	3558
3565	3558
3565	3557
3563	3557
3563	3556
3561	3556
3561	3555
3559	3555
3559	3554
3557	3554
3557	3553
3555	3553
3555	3552
3553	3552
3553	3551
3551	3551
3551	3550
3549	3550
3549	3549
3547	3549
3547	3548
3545	3548
3545	3547
3543	3547
3543	3546
3541	3546
3541	3545
3539	3545
3539	3544
3536	3544
3536	3543
3534	3543
3534	3542
3531	3542
3531	3541
3529	3541
3529	3540
3527	3540
3527	3539
3525	3539
3525	3538
3523	3538
3523	3537
3521	3537
3521	3536
3519	3536
3519	3535
3516	3535
3516	3534
3514	3534
3514	3533
3512	3533
3512	3532
3510	3532
3510	3531
3508	3531
3508	3530
3506	3530
3506	3529
3503	3529
3503	3528
3501	3528
3501	3527
3498	3527
3498	3526
3496	3526
3496	3525
3494	3525
3494	3524
3493	3524
3493	3523
3491	3523
3491	3522
3490	3522
3490	3521
3488	3521
3488	3520
3485	3520
3485	3519
3483	3519
3483	3518
3482	3518
3482	3517
3480	3517
3480	3516
3478	3516
3478	3515
3476	3515
3476	3514
3474	3514
3474	3513
3471	3513
3471	3512
3470	3512
3470	3511
3467	3511
3467	3510
3465	3510
3465	3509
3462	3509
3462	3508
3460	3508
3460	3507
3457	3507
3457	3506
3454	3506
3454	3505
3451	3505
3451	3504
3449	3504
3449	3503
3447	3503
3447	3502
3444	3502
3444	3501
3441	3501
3441	3500
3439	3500
3439	3499
3437	3499
3437	3498
3435	3498
3435	3497
3432	3497
3432	3496
3430	3496
3430	3495
3429	3495
3429	3494
3427	3494
3427	3493
3424	3493
3424	3492
3423	3492
3423	3491
3420	3491
3420	3490
3418	3490
3418	3489
3415	3489
3415	3488
3413	3488
3413	3487
3410	3487
3410	3486
3408	3486
3408	3485
3406	3485
3406	3484
3405	3484
3405	3483
3403	3483
3403	3482
3402	3482
3402	3481
3400	3481
3400	3480
3399	3480
3399	3479
3397	3479
3397	3478
3396	3478
3396	3477
3394	3477
3394	3476
3393	3476
3393	3475
3392	3475
3392	3474
3390	3474
3390	3473
3389	3473
3389	3472
3387	3472
3387	3471
3386	3471
3386	3470
3384	3470
3384	3469
3382	3469
3382	3468
3381	3468
3381	3467
3379	3467
3379	3466
3378	3466
3378	3465
3376	3465
3376	3464
3373	3464
3373	3463
3371	3463
3371	3462
3370	3462
3370	3461
3367	3461
3367	3460
3365	3460
3365	3459
3363	3459
3363	3458
3361	3458
3361	3457
3359	3457
3359	3456
3357	3456
3357	3455
3355	3455
3355	3454
3354	3454
3354	3453
3353	3453
3353	3452
3351	3452
3351	3451
3349	3451
3349	3450
3347	3450
3347	3449
3346	3449
3346	3448
3344	3448
3344	3447
3342	3447
3342	3446
3339	3446
3339	3445
3337	3445
3337	3444
3334	3444
3334	3443
3332	3443
3332	3442
3330	3442
3330	3441
3328	3441
3328	3440
3326	3440
3326	3439
3324	3439
3324	3438
3322	3438
3322	3437
3320	3437
3320	3436
3319	3436
3319	3435
3318	3435
3318	3434
3317	3434
3317	3433
3315	3433
3315	3432
3313	3432
3313	3431
3311	3431
3311	3430
3310	3430
3310	3429
3308	3429
3308	3428
3307	3428
3307	3427
3305	3427
3305	3426
3303	3426
3303	3425
3302	3425
3302	3424
3301	3424
3301	3423
3300	3423
3300	3422
3298	3422
3298	3421
3296	3421
3296	3420
3294	3420
3294	3419
3293	3419
3293	3418
3292	3418
3292	3417
3290	3417
3290	3416
3288	3416
3288	3415
3287	3415
3287	3414
3285	3414
3285	3413
3283	3413
3283	3412
3282	3412
3282	3411
3281	3411
3281	3410
3280	3410
3280	3409
3279	3409
3279	3408
3278	3408
3278	3407
3276	3407
3276	3406
3275	3406
3275	3405
3274	3405
3274	3404
3272	3404
3272	3403
3270	3403
3270	3402
3269	3402
3269	3401
3268	3401
3268	3400
3266	3400
3266	3399
3265	3399
3265	3398
3264	3398
3264	3397
3262	3397
3262	3396
3261	3396
3261	3395
3259	3395
3259	3394
3258	3394
3258	3393
3257	3393
3257	3392
3254	3392
3254	3391
3253	3391
3253	3389
3250	3389
3250	3388
3249	3388
3249	3387
3245	3387
3245	3386
3241	3386
3241	3387
3239	3387
3239	3386
3238	3386
3238	3385
3237	3385
3237	3384
3235	3384
3235	3383
3234	3383
3234	3382
3233	3382
3233	3381
3232	3381
3232	3380
3230	3380
3230	3379
3228	3379
3228	3378
3227	3378
3227	3377
3226	3377
3226	3376
3225	3376
3225	3375
3223	3375
3223	3374
3221	3374
3221	3373
3208	3373
3208	3372
3206	3372
3206	3371
3204	3371
3204	3370
3203	3370
3203	3369
3202	3369
3202	3368
3201	3368
3201	3367
3200	3367
3200	3366
3199	3366
3199	3365
3198	3365
3198	3364
3196	3364
3196	3363
3195	3363
3195	3362
3194	3362
3194	3361
3193	3361
3193	3360
3192	3360
3192	3359
3190	3359
3190	3358
3189	3358
3189	3357
3187	3357
3187	3356
3185	3356
3185	3355
3184	3355
3184	3354
3183	3354
3183	3353
3182	3353
3182	3352
3180	3352
3180	3351
3178	3351
3178	3350
3176	3350
3176	3349
3175	3349
3175	3348
3173	3348
3173	3347
3170	3347
3170	3346
3169	3346
3169	3345
3167	3345
3167	3344
3166	3344
3166	3343
3164	3343
3164	3342
3161	3342
3161	3341
3159	3341
3159	3340
3158	3340
3158	3339
3156	3339
3156	3338
3155	3338
3155	3337
3151	3337
3151	3336
3150	3336
3150	3335
3148	3335
3148	3334
3146	3334
3146	3333
3143	3333
3143	3332
3142	3332
3142	3331
3140	3331
3140	3330
3138	3330
3138	3329
3135	3329
3135	3328
3134	3328
3134	3327
3132	3327
3132	3326
3130	3326
3130	3325
3128	3325
3128	3324
3126	3324
3126	3323
3125	3323
3125	3322
3123	3322
3123	3321
3122	3321
3122	3320
3119	3320
3119	3319
3118	3319
3118	3318
3116	3318
3116	3319
3115	3319
3115	3322
3116	3322
3116	3333
3117	3333
3117	3341
3118	3341
3118	3349
3119	3349
3119	3358
3120	3358
3120	3362
3121	3362
3121	3373
3120	3373
3120	3374
3117	3374
3117	3372
3118	3372
3118	3371
3115	3371
3115	3369
3114	3369
3114	3372
3112	3372
3112	3373
3106	3373
3106	3372
3107	3372
3107	3371
3105	3371
3105	3370
3104	3370
3104	3372
3105	3372
3105	3373
3104	3373
3104	3374
3103	3374
3103	3375
3104	3375
3104	3377
3101	3377
3101	3374
3100	3374
3100	3370
3099	3370
3099	3369
3095	3369
3095	3368
3090	3368
3090	3367
3088	3367
3088	3366
3087	3366
3087	3359
3088	3359
3088	3357
3089	3357
3089	3356
3090	3356
3090	3355
3092	3355
3092	3354
3096	3354
3096	3347
3095	3347
3095	3341
3094	3341
3094	3338
3093	3338
3093	3332
3092	3332
3092	3328
3091	3328
3091	3323
3090	3323
3090	3319
3089	3319
3089	3316
3088	3316
3088	3315
3087	3315
3087	3314
3086	3314
3086	3313
3084	3313
3084	3315
3083	3315
3083	3316
3082	3316
3082	3317
3081	3317
3081	3318
3080	3318
3080	3320
3079	3320
3079	3321
3078	3321
3078	3322
3076	3322
3076	3323
3075	3323
3075	3324
3074	3324
3074	3325
3073	3325
3073	3326
3072	3326
3072	3328
3071	3328
3071	3329
3070	3329
3070	3330
3069	3330
3069	3331
3067	3331
3067	3333
3066	3333
3066	3334
3065	3334
3065	3336
3064	3336
3064	3338
3063	3338
3063	3339
3062	3339
3062	3341
3061	3341
3061	3342
3059	3342
3059	3343
3058	3343
3058	3345
3057	3345
3057	3346
3056	3346
3056	3347
3055	3347
3055	3348
3054	3348
3054	3349
3053	3349
3053	3351
3051	3351
3051	3352
3050	3352
3050	3353
3049	3353
3049	3355
3048	3355
3048	3356
3047	3356
3047	3357
3046	3357
3046	3359
3045	3359
3045	3360
3044	3360
3044	3361
3042	3361
3042	3362
3041	3362
3041	3363
3039	3363
3039	3364
3038	3364
3038	3365
3037	3365
3037	3366
3036	3366
3036	3367
3035	3367
3035	3368
3033	3368
3033	3369
3032	3369
3032	3370
3031	3370
3031	3371
3030	3371
3030	3372
3029	3372
3029	3374
3028	3374
3028	3375
3027	3375
3027	3376
3025	3376
3025	3377
3024	3377
3024	3378
3023	3378
3023	3380
3022	3380
3022	3381
3021	3381
3021	3382
3020	3382
3020	3383
3019	3383
3019	3384
3017	3384
3017	3385
3016	3385
3016	3386
3015	3386
3015	3387
3013	3387
3013	3388
3012	3388
3012	3389
3011	3389
3011	3391
3009	3391
3009	3392
3008	3392
3008	3393
3007	3393
3007	3394
3006	3394
3006	3396
3005	3396
3005	3398
3004	3398
3004	3399
3003	3399
3003	3401
3002	3401
3002	3402
3000	3402
3000	3403
2998	3403
2998	3405
2997	3405
2997	3406
2996	3406
2996	3407
2995	3407
2995	3408
2994	3408
2994	3409
2993	3409
2993	3410
2992	3410
2992	3411
2990	3411
2990	3413
2989	3413
2989	3414
2988	3414
2988	3415
2987	3415
2987	3416
2986	3416
2986	3417
2985	3417
2985	3419
2983	3419
2983	3420
2982	3420
2982	3421
2981	3421
2981	3423
2980	3423
2980	3424
2979	3424
2979	3425
2978	3425
2978	3426
2977	3426
2977	3427
2976	3427
2976	3428
2975	3428
2975	3429
2974	3429
2974	3430
2973	3430
2973	3431
2972	3431
2972	3432
2971	3432
2971	3434
2970	3434
2970	3435
2969	3435
2969	3436
2968	3436
2968	3438
2967	3438
2967	3439
2965	3439
2965	3441
2964	3441
2964	3442
2963	3442
2963	3443
2962	3443
2962	3444
2961	3444
2961	3445
2959	3445
2959	3447
2952	3447
2952	3448
2950	3448
2950	3449
2948	3449
2948	3450
2947	3450
2947	3451
2946	3451
2946	3452
2945	3452
2945	3453
2944	3453
2944	3454
2943	3454
2943	3455
2941	3455
2941	3456
2940	3456
2940	3457
2938	3457
2938	3458
2937	3458
2937	3459
2936	3459
2936	3460
2935	3460
2935	3461
2934	3461
2934	3462
2932	3462
2932	3463
2931	3463
2931	3464
2930	3464
2930	3465
2928	3465
2928	3466
2927	3466
2927	3467
2926	3467
2926	3468
2925	3468
2925	3469
2924	3469
2924	3470
2922	3470
2922	3471
2921	3471
2921	3472
2920	3472
2920	3473
2919	3473
2919	3474
2918	3474
2918	3475
2917	3475
2917	3476
2916	3476
2916	3477
2915	3477
2915	3478
2913	3478
2913	3480
2912	3480
2912	3481
2911	3481
2911	3482
2910	3482
2910	3483
2909	3483
2909	3485
2908	3485
2908	3486
2906	3486
2906	3487
2905	3487
2905	3488
2904	3488
2904	3489
2903	3489
2903	3491
2902	3491
2902	3492
2901	3492
2901	3494
2900	3494
2900	3495
2899	3495
2899	3496
2898	3496
2898	3497
2897	3497
2897	3498
2896	3498
2896	3500
2895	3500
2895	3501
2894	3501
2894	3502
2893	3502
2893	3504
2892	3504
2892	3505
2891	3505
2891	3507
2890	3507
2890	3508
2888	3508
2888	3510
2887	3510
2887	3511
2886	3511
2886	3513
2885	3513
2885	3514
2884	3514
2884	3515
2883	3515
2883	3516
2882	3516
2882	3517
2881	3517
2881	3518
2880	3518
2880	3519
2879	3519
2879	3520
2878	3520
2878	3522
2877	3522
2877	3523
2876	3523
2876	3525
2875	3525
2875	3526
2874	3526
2874	3527
2873	3527
2873	3528
2872	3528
2872	3529
2871	3529
2871	3530
2870	3530
2870	3531
2869	3531
2869	3533
2868	3533
2868	3534
2867	3534
2867	3535
2866	3535
2866	3536
2865	3536
2865	3537
2864	3537
2864	3538
2863	3538
2863	3539
2862	3539
2862	3541
2861	3541
2861	3542
2860	3542
2860	3544
2859	3544
2859	3545
2858	3545
2858	3546
2857	3546
2857	3547
2856	3547
2856	3549
2855	3549
2855	3550
2854	3550
2854	3551
2853	3551
2853	3553
2852	3553
2852	3554
2851	3554
2851	3556
2850	3556
2850	3558
2848	3558
2848	3560
2847	3560
2847	3561
2846	3561
2846	3562
2845	3562
2845	3563
2844	3563
2844	3565
2842	3565
2842	3567
2841	3567
2841	3568
2840	3568
2840	3569
2839	3569
2839	3570
2838	3570
2838	3571
2837	3571
2837	3572
2836	3572
2836	3574
2835	3574
2835	3575
2834	3575
2834	3576
2833	3576
2833	3578
2832	3578
2832	3579
2831	3579
2831	3581
2830	3581
2830	3582
2829	3582
2829	3583
2828	3583
2828	3584
2827	3584
2827	3585
2826	3585
2826	3586
2825	3586
2825	3587
2824	3587
2824	3588
2823	3588
2823	3589
2822	3589
2822	3590
2820	3590
2820	3591
2819	3591
2819	3593
2818	3593
2818	3594
2817	3594
2817	3595
2816	3595
2816	3597
2815	3597
2815	3598
2814	3598
2814	3599
2813	3599
2813	3600
2812	3600
2812	3601
2811	3601
2811	3603
2810	3603
2810	3604
2809	3604
2809	3605
2808	3605
2808	3606
2807	3606
2807	3608
2806	3608
2806	3610
2805	3610
2805	3611
2804	3611
2804	3612
2803	3612
2803	3613
2802	3613
2802	3614
2801	3614
2801	3615
2800	3615
2800	3617
2799	3617
2799	3618
2798	3618
2798	3619
2797	3619
2797	3620
2796	3620
2796	3621
2795	3621
2795	3622
2794	3622
2794	3624
2793	3624
2793	3625
2792	3625
2792	3626
2791	3626
2791	3628
2790	3628
2790	3629
2789	3629
2789	3631
2788	3631
2788	3632
2787	3632
2787	3633
2786	3633
2786	3634
2785	3634
2785	3636
2784	3636
2784	3638
2783	3638
2783	3639
2782	3639
2782	3640
2781	3640
2781	3641
2780	3641
2780	3642
2779	3642
2779	3643
2778	3643
2778	3645
2777	3645
2777	3646
2776	3646
2776	3647
2775	3647
2775	3649
2774	3649
2774	3651
2773	3651
2773	3652
2772	3652
2772	3653
2771	3653
2771	3654
2770	3654
2770	3655
2769	3655
2769	3656
2768	3656
2768	3658
2767	3658
2767	3659
2766	3659
2766	3660
2765	3660
2765	3661
2764	3661
2764	3662
2763	3662
2763	3663
2762	3663
2762	3665
2761	3665
2761	3666
2760	3666
2760	3667
2759	3667
2759	3668
2758	3668
2758	3669
2757	3669
2757	3670
2755	3670
2755	3671
2754	3671
2754	3672
2753	3672
2753	3673
2752	3673
2752	3674
2751	3674
2751	3675
2750	3675
2750	3676
2749	3676
2749	3677
2748	3677
2748	3678
2747	3678
2747	3679
2746	3679
2746	3680
2745	3680
2745	3681
2744	3681
2744	3683
2743	3683
2743	3684
2742	3684
2742	3685
2741	3685
2741	3686
2740	3686
2740	3687
2739	3687
2739	3689
2738	3689
2738	3690
2736	3690
2736	3692
2735	3692
2735	3693
2734	3693
2734	3694
2733	3694
2733	3696
2732	3696
2732	3698
2731	3698
2731	3700
2730	3700
2730	3701
2729	3701
2729	3702
2728	3702
2728	3703
2727	3703
2727	3704
2726	3704
2726	3705
2725	3705
2725	3707
2724	3707
2724	3708
2723	3708
2723	3710
2722	3710
2722	3711
2721	3711
2721	3713
2720	3713
2720	3714
2719	3714
2719	3715
2718	3715
2718	3717
2717	3717
2717	3718
2716	3718
2716	3719
2715	3719
2715	3720
2714	3720
2714	3721
2713	3721
2713	3723
2712	3723
2712	3724
2711	3724
2711	3725
2710	3725
2710	3726
2709	3726
2709	3727
2708	3727
2708	3729
2707	3729
2707	3730
2706	3730
2706	3731
2705	3731
2705	3732
2704	3732
2704	3733
2703	3733
2703	3734
2702	3734
2702	3735
2701	3735
2701	3736
2700	3736
2700	3737
2699	3737
2699	3739
2698	3739
2698	3740
2697	3740
2697	3741
2696	3741
2696	3742
2694	3742
2694	3743
2693	3743
2693	3745
2692	3745
2692	3746
2691	3746
2691	3747
2690	3747
2690	3748
2689	3748
2689	3749
2688	3749
2688	3751
2687	3751
2687	3752
2686	3752
2686	3753
2685	3753
2685	3755
2684	3755
2684	3756
2683	3756
2683	3757
2682	3757
2682	3759
2681	3759
2681	3760
2680	3760
2680	3761
2679	3761
2679	3762
2678	3762
2678	3764
2677	3764
2677	3765
2676	3765
2676	3767
2675	3767
2675	3768
2674	3768
2674	3770
2673	3770
2673	3771
2672	3771
2672	3773
2671	3773
2671	3774
2670	3774
2670	3776
2669	3776
2669	3777
2668	3777
2668	3778
2667	3778
2667	3780
2666	3780
2666	3781
2665	3781
2665	3783
2664	3783
2664	3784
2663	3784
2663	3786
2662	3786
2662	3788
2661	3788
2661	3790
2660	3790
2660	3792
2659	3792
2659	3794
2658	3794
2658	3796
2657	3796
2657	3798
2656	3798
2656	3800
2655	3800
2655	3802
2654	3802
2654	3804
2653	3804
2653	3806
2652	3806
2652	3807
2651	3807
2651	3808
2650	3808
2650	3810
2649	3810
2649	3812
2648	3812
2648	3814
2647	3814
2647	3815
2646	3815
2646	3816
2645	3816
2645	3818
2644	3818
2644	3819
2643	3819
2643	3821
2642	3821
2642	3822
2641	3822
2641	3824
2640	3824
2640	3825
2639	3825
2639	3826
2638	3826
2638	3827
2637	3827
2637	3829
2636	3829
2636	3830
2635	3830
2635	3831
2634	3831
2634	3833
2633	3833
2633	3834
2632	3834
2632	3835
2631	3835
2631	3836
2630	3836
2630	3838
2629	3838
2629	3840
2628	3840
2628	3841
2627	3841
2627	3843
2626	3843
2626	3845
2625	3845
2625	3847
2624	3847
2624	3849
2623	3849
2623	3851
2622	3851
2622	3852
2621	3852
2621	3854
2620	3854
2620	3856
2619	3856
2619	3857
2618	3857
2618	3858
2617	3858
2617	3860
2616	3860
2616	3861
2615	3861
2615	3863
2614	3863
2614	3865
2613	3865
2613	3866
2612	3866
2612	3867
2611	3867
2611	3869
2610	3869
2610	3870
2609	3870
2609	3872
2608	3872
2608	3873
2607	3873
2607	3875
2606	3875
2606	3876
2605	3876
2605	3877
2604	3877
2604	3878
2603	3878
2603	3879
2602	3879
2602	3880
2601	3880
2601	3881
2600	3881
2600	3883
2599	3883
2599	3884
2598	3884
2598	3885
2597	3885
2597	3886
2596	3886
2596	3888
2595	3888
2595	3889
2594	3889
2594	3890
2593	3890
2593	3892
2591	3892
2591	3893
2590	3893
2590	3894
2589	3894
2589	3896
2588	3896
2588	3897
2587	3897
2587	3898
2586	3898
2586	3899
2585	3899
2585	3900
2584	3900
2584	3901
2583	3901
2583	3902
2582	3902
2582	3903
2581	3903
2581	3904
2580	3904
2580	3905
2579	3905
2579	3906
2578	3906
2578	3907
2577	3907
2577	3908
2576	3908
2576	3909
2575	3909
2575	3910
2574	3910
2574	3911
2573	3911
2573	3913
2572	3913
2572	3914
2571	3914
2571	3916
2570	3916
2570	3917
2569	3917
2569	3919
2568	3919
2568	3920
2567	3920
2567	3921
2566	3921
2566	3923
2565	3923
2565	3924
2564	3924
2564	3925
2563	3925
2563	3927
2562	3927
2562	3928
2561	3928
2561	3929
2560	3929
2560	3930
2559	3930
2559	3931
2558	3931
2558	3932
2557	3932
2557	3933
2556	3933
2556	3935
2555	3935
2555	3936
2554	3936
2554	3937
2553	3937
2553	3938
2552	3938
2552	3939
2551	3939
2551	3940
2550	3940
2550	3941
2549	3941
2549	3942
2548	3942
2548	3943
2547	3943
2547	3944
2546	3944
2546	3946
2545	3946
2545	3947
2544	3947
2544	3949
2543	3949
2543	3950
2542	3950
2542	3951
2541	3951
2541	3953
2540	3953
2540	3954
2539	3954
2539	3955
2538	3955
2538	3957
2537	3957
2537	3958
2536	3958
2536	3959
2535	3959
2535	3960
2534	3960
2534	3961
2533	3961
2533	3963
2532	3963
2532	3964
2531	3964
2531	3966
2530	3966
2530	3967
2529	3967
2529	3968
2528	3968
2528	3969
2527	3969
2527	3970
2526	3970
2526	3971
2525	3971
2525	3972
2524	3972
2524	3973
2523	3973
2523	3974
2522	3974
2522	3975
2521	3975
2521	3976
2520	3976
2520	3978
2519	3978
2519	3979
2518	3979
2518	3980
2517	3980
2517	3981
2516	3981
2516	3982
2515	3982
2515	3984
2514	3984
2514	3985
2513	3985
2513	3986
2512	3986
2512	3987
2511	3987
2511	3989
2509	3989
2509	3991
2508	3991
2508	3992
2507	3992
2507	3993
2506	3993
2506	3994
2505	3994
2505	3995
2504	3995
2504	3996
2503	3996
2503	3997
2502	3997
2502	3998
2501	3998
2501	3999
2499	3999
2499	4000
2498	4000
2498	4001
2497	4001
2497	4002
2495	4002
2495	4003
2494	4003
2494	4004
2492	4004
2492	4005
2490	4005
2490	4006
2488	4006
2488	4007
2486	4007
2486	4008
2485	4008
2485	4009
2484	4009
2484	4010
2482	4010
2482	4011
2480	4011
2480	4012
2478	4012
2478	4013
2477	4013
2477	4014
2476	4014
2476	4015
2474	4015
2474	4016
2470	4016
2470	4017
2464	4017
2464	4018
2455	4018
2455	4017
2449	4017
2449	4018
2448	4018
2448	4017
2447	4017
2447	4016
2445	4016
2445	4015
2444	4015
2444	4013
2443	4013
2443	4011
2442	4011
2442	4008
2441	4008
2441	3990
2442	3990
2442	3986
2443	3986
2443	3983
2444	3983
2444	3978
2445	3978
2445	3974
2446	3974
2446	3969
2447	3969
2447	3966
2448	3966
2448	3965
2449	3965
2449	3961
2450	3961
2450	3957
2451	3957
2451	3955
2452	3955
2452	3952
2453	3952
2453	3950
2454	3950
2454	3947
2455	3947
2455	3945
2456	3945
2456	3944
2457	3944
2457	3942
2458	3942
2458	3939
2459	3939
2459	3936
2460	3936
2460	3934
2461	3934
2461	3932
2462	3932
2462	3930
2463	3930
2463	3929
2464	3929
2464	3927
2465	3927
2465	3925
2466	3925
2466	3924
2467	3924
2467	3922
2468	3922
2468	3920
2470	3920
2470	3919
2469	3919
2469	3917
2470	3917
2470	3915
2471	3915
2471	3912
2472	3912
2472	3910
2473	3910
2473	3907
2474	3907
2474	3906
2475	3906
2475	3904
2476	3904
2476	3903
2477	3903
2477	3901
2478	3901
2478	3898
2479	3898
2479	3896
2480	3896
2480	3894
2481	3894
2481	3892
2482	3892
2482	3891
2483	3891
2483	3889
2484	3889
2484	3887
2485	3887
2485	3885
2486	3885
2486	3884
2487	3884
2487	3882
2488	3882
2488	3880
2489	3880
2489	3878
2490	3878
2490	3877
2491	3877
2491	3876
2492	3876
2492	3874
2493	3874
2493	3872
2494	3872
2494	3870
2495	3870
2495	3869
2496	3869
2496	3867
2497	3867
2497	3865
2498	3865
2498	3864
2499	3864
2499	3862
2500	3862
2500	3860
2501	3860
2501	3858
2502	3858
2502	3856
2503	3856
2503	3853
2504	3853
2504	3851
2505	3851
2505	3848
2506	3848
2506	3846
2507	3846
2507	3844
2508	3844
2508	3842
2509	3842
2509	3841
2510	3841
2510	3839
2511	3839
2511	3837
2512	3837
2512	3836
2513	3836
2513	3835
2514	3835
2514	3833
2515	3833
2515	3832
2516	3832
2516	3831
2517	3831
2517	3829
2518	3829
2518	3827
2519	3827
2519	3826
2520	3826
2520	3824
2521	3824
2521	3822
2522	3822
2522	3821
2523	3821
2523	3820
2524	3820
2524	3818
2525	3818
2525	3816
2526	3816
2526	3815
2527	3815
2527	3813
2528	3813
2528	3811
2529	3811
2529	3809
2530	3809
2530	3808
2531	3808
2531	3806
2532	3806
2532	3805
2533	3805
2533	3804
2534	3804
2534	3802
2535	3802
2535	3801
2536	3801
2536	3799
2537	3799
2537	3797
2538	3797
2538	3796
2539	3796
2539	3794
2540	3794
2540	3793
2541	3793
2541	3792
2542	3792
2542	3790
2543	3790
2543	3788
2544	3788
2544	3786
2545	3786
2545	3785
2546	3785
2546	3782
2547	3782
2547	3780
2548	3780
2548	3778
2549	3778
2549	3777
2550	3777
2550	3776
2551	3776
2551	3774
2552	3774
2552	3772
2553	3772
2553	3771
2554	3771
2554	3769
2555	3769
2555	3768
2556	3768
2556	3766
2557	3766
2557	3765
2558	3765
2558	3764
2559	3764
2559	3763
2560	3763
2560	3761
2561	3761
2561	3759
2562	3759
2562	3758
2563	3758
2563	3756
2564	3756
2564	3754
2565	3754
2565	3752
2566	3752
2566	3751
2567	3751
2567	3749
2568	3749
2568	3747
2569	3747
2569	3746
2570	3746
2570	3744
2571	3744
2571	3741
2572	3741
2572	3740
2573	3740
2573	3737
2574	3737
2574	3735
2575	3735
2575	3734
2576	3734
2576	3732
2577	3732
2577	3730
2578	3730
2578	3729
2579	3729
2579	3727
2580	3727
2580	3725
2581	3725
2581	3724
2582	3724
2582	3723
2583	3723
2583	3722
2584	3722
2584	3720
2585	3720
2585	3719
2586	3719
2586	3717
2587	3717
2587	3715
2588	3715
2588	3714
2589	3714
2589	3712
2590	3712
2590	3710
2591	3710
2591	3709
2592	3709
2592	3708
2593	3708
2593	3706
2594	3706
2594	3705
2595	3705
2595	3704
2596	3704
2596	3703
2597	3703
2597	3702
2598	3702
2598	3700
2599	3700
2599	3699
2600	3699
2600	3698
2601	3698
2601	3697
2602	3697
2602	3695
2603	3695
2603	3694
2604	3694
2604	3693
2605	3693
2605	3691
2606	3691
2606	3690
2607	3690
2607	3688
2608	3688
2608	3687
2609	3687
2609	3685
2610	3685
2610	3684
2611	3684
2611	3682
2612	3682
2612	3680
2613	3680
2613	3678
2614	3678
2614	3676
2615	3676
2615	3674
2616	3674
2616	3673
2617	3673
2617	3670
2618	3670
2618	3669
2619	3669
2619	3667
2620	3667
2620	3664
2621	3664
2621	3662
2622	3662
2622	3660
2623	3660
2623	3658
2624	3658
2624	3657
2625	3657
2625	3656
2626	3656
2626	3654
2627	3654
2627	3653
2628	3653
2628	3652
2629	3652
2629	3650
2630	3650
2630	3649
2631	3649
2631	3648
2632	3648
2632	3647
2633	3647
2633	3645
2634	3645
2634	3644
2635	3644
2635	3643
2636	3643
2636	3642
2637	3642
2637	3640
2638	3640
2638	3638
2639	3638
2639	3637
2640	3637
2640	3635
2641	3635
2641	3633
2642	3633
2642	3632
2643	3632
2643	3631
2644	3631
2644	3629
2645	3629
2645	3628
2646	3628
2646	3626
2647	3626
2647	3625
2648	3625
2648	3623
2649	3623
2649	3622
2650	3622
2650	3620
2651	3620
2651	3619
2652	3619
2652	3618
2653	3618
2653	3617
2654	3617
2654	3616
2655	3616
2655	3614
2656	3614
2656	3613
2657	3613
2657	3611
2658	3611
2658	3610
2659	3610
2659	3608
2660	3608
2660	3607
2661	3607
2661	3606
2662	3606
2662	3605
2663	3605
2663	3603
2664	3603
2664	3601
2665	3601
2665	3599
2666	3599
2666	3597
2667	3597
2667	3595
2668	3595
2668	3593
2669	3593
2669	3592
2670	3592
2670	3590
2671	3590
2671	3589
2672	3589
2672	3587
2673	3587
2673	3585
2674	3585
2674	3583
2675	3583
2675	3582
2676	3582
2676	3580
2677	3580
2677	3579
2678	3579
2678	3578
2679	3578
2679	3577
2680	3577
2680	3575
2681	3575
2681	3574
2682	3574
2682	3573
2683	3573
2683	3571
2684	3571
2684	3570
2685	3570
2685	3569
2686	3569
2686	3568
2687	3568
2687	3567
2688	3567
2688	3565
2689	3565
2689	3564
2690	3564
2690	3563
2691	3563
2691	3561
2692	3561
2692	3559
2693	3559
2693	3558
2694	3558
2694	3557
2695	3557
2695	3555
2696	3555
2696	3553
2697	3553
2697	3552
2698	3552
2698	3550
2699	3550
2699	3549
2700	3549
2700	3548
2701	3548
2701	3546
2702	3546
2702	3545
2703	3545
2703	3544
2704	3544
2704	3543
2705	3543
2705	3542
2706	3542
2706	3541
2707	3541
2707	3539
2708	3539
2708	3538
2709	3538
2709	3537
2710	3537
2710	3536
2711	3536
2711	3535
2713	3535
2713	3533
2714	3533
2714	3532
2715	3532
2715	3531
2716	3531
2716	3530
2717	3530
2717	3529
2718	3529
2718	3528
2719	3528
2719	3527
2720	3527
2720	3526
2721	3526
2721	3525
2722	3525
2722	3524
2723	3524
2723	3523
2724	3523
2724	3522
2725	3522
2725	3521
2726	3521
2726	3520
2727	3520
2727	3518
2728	3518
2728	3517
2729	3517
2729	3516
2730	3516
2730	3515
2731	3515
2731	3513
2732	3513
2732	3512
2733	3512
2733	3510
2734	3510
2734	3509
2735	3509
2735	3507
2736	3507
2736	3506
2737	3506
2737	3505
2738	3505
2738	3504
2739	3504
2739	3503
2740	3503
2740	3502
2741	3502
2741	3500
2742	3500
2742	3499
2743	3499
2743	3498
2744	3498
2744	3497
2745	3497
2745	3496
2746	3496
2746	3495
2747	3495
2747	3494
2748	3494
2748	3493
2749	3493
2749	3492
2750	3492
2750	3491
2751	3491
2751	3490
2752	3490
2752	3489
2753	3489
2753	3488
2754	3488
2754	3487
2755	3487
2755	3486
2756	3486
2756	3484
2757	3484
2757	3483
2758	3483
2758	3482
2759	3482
2759	3481
2760	3481
2760	3479
2761	3479
2761	3478
2762	3478
2762	3477
2763	3477
2763	3476
2764	3476
2764	3475
2765	3475
2765	3473
2766	3473
2766	3472
2767	3472
2767	3471
2768	3471
2768	3469
2769	3469
2769	3468
2770	3468
2770	3467
2771	3467
2771	3466
2772	3466
2772	3465
2773	3465
2773	3464
2774	3464
2774	3463
2775	3463
2775	3461
2776	3461
2776	3460
2777	3460
2777	3459
2778	3459
2778	3457
2779	3457
2779	3456
2780	3456
2780	3455
2781	3455
2781	3454
2782	3454
2782	3453
2783	3453
2783	3452
2784	3452
2784	3451
2785	3451
2785	3449
2786	3449
2786	3448
2787	3448
2787	3447
2789	3447
2789	3446
2790	3446
2790	3444
2792	3444
2792	3443
2793	3443
2793	3441
2794	3441
2794	3440
2796	3440
2796	3439
2797	3439
2797	3438
2798	3438
2798	3436
2799	3436
2799	3435
2800	3435
2800	3434
2802	3434
2802	3433
2803	3433
2803	3431
2805	3431
2805	3430
2806	3430
2806	3429
2807	3429
2807	3428
2808	3428
2808	3427
2809	3427
2809	3425
2810	3425
2810	3424
2811	3424
2811	3423
2812	3423
2812	3422
2813	3422
2813	3421
2814	3421
2814	3420
2815	3420
2815	3419
2816	3419
2816	3418
2817	3418
2817	3417
2818	3417
2818	3416
2819	3416
2819	3415
2820	3415
2820	3414
2821	3414
2821	3413
2823	3413
2823	3411
2824	3411
2824	3410
2825	3410
2825	3409
2826	3409
2826	3408
2827	3408
2827	3407
2828	3407
2828	3406
2829	3406
2829	3405
2830	3405
2830	3404
2832	3404
2832	3403
2833	3403
2833	3401
2834	3401
2834	3400
2835	3400
2835	3399
2836	3399
2836	3397
2837	3397
2837	3396
2839	3396
2839	3395
2840	3395
2840	3394
2841	3394
2841	3393
2842	3393
2842	3391
2843	3391
2843	3390
2844	3390
2844	3389
2845	3389
2845	3388
2846	3388
2846	3387
2848	3387
2848	3386
2849	3386
2849	3385
2850	3385
2850	3384
2851	3384
2851	3383
2852	3383
2852	3382
2853	3382
2853	3381
2854	3381
2854	3380
2855	3380
2855	3379
2857	3379
2857	3378
2858	3378
2858	3377
2859	3377
2859	3376
2860	3376
2860	3375
2861	3375
2861	3374
2862	3374
2862	3373
2863	3373
2863	3372
2865	3372
2865	3371
2866	3371
2866	3370
2867	3370
2867	3369
2868	3369
2868	3367
2869	3367
2869	3366
2870	3366
2870	3365
2871	3365
2871	3364
2872	3364
2872	3363
2873	3363
2873	3360
2874	3360
2874	3359
2875	3359
2875	3357
2876	3357
2876	3356
2878	3356
2878	3355
2879	3355
2879	3354
2880	3354
2880	3353
2883	3353
2883	3351
2884	3351
2884	3350
2885	3350
2885	3349
2886	3349
2886	3348
2887	3348
2887	3346
2888	3346
2888	3345
2889	3345
2889	3344
2890	3344
2890	3343
2891	3343
2891	3342
2892	3342
2892	3339
2893	3339
2893	3338
2894	3338
2894	3336
2895	3336
2895	3334
2896	3334
2896	3332
2897	3332
2897	3327
2898	3327
2898	3326
2899	3326
2899	3320
2900	3320
2900	3313
2899	3313
2899	3312
2898	3312
2898	3310
2897	3310
2897	3307
2896	3307
2896	3306
2895	3306
2895	3304
2894	3304
2894	3303
2893	3303
2893	3301
2892	3301
2892	3300
2891	3300
2891	3299
2889	3299
2889	3298
2888	3298
2888	3297
2887	3297
2887	3296
2885	3296
2885	3295
2884	3295
2884	3294
2882	3294
2882	3293
2879	3293
2879	3292
2877	3292
2877	3291
2875	3291
2875	3290
2872	3290
2872	3289
2869	3289
2869	3288
2866	3288
2866	3287
2837	3287
2837	3286
2836	3286
2836	3285
2837	3285
2837	3284
2835	3284
2835	3286
2832	3286
2832	3285
2830	3285
2830	3282
2829	3282
2829	3281
2828	3281
2828	3280
2824	3280
2824	3279
2818	3279
2818	3278
2814	3278
2814	3277
2803	3277
2803	3276
2789	3276
2789	3275
2784	3275
2784	3274
2779	3274
2779	3273
2770	3273
2770	3272
2763	3272
2763	3271
2756	3271
2756	3270
2748	3270
2748	3269
2739	3269
2739	3268
2726	3268
2726	3267
2720	3267
2720	3266
2717	3266
2717	3265
2709	3265
2709	3264
2706	3264
2706	3263
2692	3263
2692	3262
2680	3262
2680	3261
2672	3261
2672	3260
2666	3260
2666	3259
2663	3259
2663	3258
2658	3258
2658	3257
2653	3257
2653	3256
2648	3256
2648	3255
2637	3255
2637	3254
2630	3254
2630	3253
2623	3253
2623	3252
2616	3252
2616	3251
2612	3251
2612	3250
2607	3250
2607	3249
2602	3249
2602	3248
2596	3248
2596	3247
2590	3247
2590	3246
2584	3246
2584	3245
2578	3245
2578	3244
2571	3244
2571	3243
2558	3243
2558	3242
2553	3242
2553	3241
2546	3241
2546	3240
2539	3240
2539	3239
2535	3239
2535	3238
2530	3238
2530	3237
2528	3237
2528	3236
2525	3236
2525	3235
2521	3235
2521	3234
2518	3234
2518	3233
2513	3233
2513	3232
2509	3232
2509	3231
2505	3231
2505	3230
2501	3230
2501	3229
2496	3229
2496	3228
2493	3228
2493	3227
2488	3227
2488	3226
2482	3226
2482	3225
2477	3225
2477	3224
2471	3224
2471	3223
2464	3223
2464	3222
2459	3222
2459	3221
2453	3221
2453	3220
2447	3220
2447	3219
2439	3219
2439	3218
2435	3218
2435	3217
2429	3217
2429	3216
2423	3216
2423	3215
2417	3215
2417	3214
2413	3214
2413	3213
2410	3213
2410	3212
2405	3212
2405	3211
2400	3211
2400	3210
2396	3210
2396	3209
2368	3209
2368	3208
2360	3208
2360	3207
2351	3207
2351	3206
2348	3206
2348	3205
2344	3205
2344	3204
2342	3204
2342	3203
2339	3203
2339	3202
2336	3202
2336	3201
2332	3201
2332	3200
2329	3200
2329	3199
2324	3199
2324	3198
2322	3198
2322	3197
2319	3197
2319	3196
2317	3196
2317	3195
2316	3195
2316	3194
2313	3194
2313	3193
2306	3193
2306	3192
2303	3192
2303	3191
2299	3191
2299	3190
2296	3190
2296	3189
2293	3189
2293	3188
2290	3188
2290	3187
2285	3187
2285	3186
2280	3186
2280	3185
2272	3185
2272	3184
2268	3184
2268	3183
2263	3183
2263	3182
2258	3182
2258	3181
2254	3181
2254	3180
2249	3180
2249	3179
2246	3179
2246	3178
2243	3178
2243	3177
2239	3177
2239	3176
2233	3176
2233	3175
2226	3175
2226	3174
2221	3174
2221	3173
2216	3173
2216	3172
2212	3172
2212	3171
2207	3171
2207	3170
2203	3170
2203	3169
2200	3169
2200	3168
2197	3168
2197	3167
2195	3167
2195	3166
2191	3166
2191	3165
2188	3165
2188	3164
2184	3164
2184	3163
2181	3163
2181	3162
2177	3162
2177	3161
2174	3161
2174	3160
2172	3160
2172	3159
2168	3159
2168	3158
2165	3158
2165	3157
2162	3157
2162	3156
2156	3156
2156	3155
2149	3155
2149	3154
2144	3154
2144	3153
2138	3153
2138	3152
2134	3152
2134	3151
2130	3151
2130	3150
2127	3150
2127	3149
2122	3149
2122	3148
2119	3148
2119	3147
2115	3147
2115	3146
2112	3146
2112	3145
2109	3145
2109	3144
2104	3144
2104	3143
2100	3143
2100	3142
2097	3142
2097	3141
2093	3141
2093	3140
2090	3140
2090	3139
2086	3139
2086	3138
2082	3138
2082	3137
2075	3137
2075	3136
2068	3136
2068	3135
2056	3135
2056	3134
2051	3134
2051	3133
2048	3133
2048	3132
2045	3132
2045	3131
2042	3131
2042	3130
2039	3130
2039	3129
2036	3129
2036	3128
2033	3128
2033	3127
2031	3127
2031	3126
2028	3126
2028	3125
2025	3125
2025	3124
2023	3124
2023	3123
2020	3123
2020	3122
2017	3122
2017	3121
2013	3121
2013	3120
2011	3120
2011	3119
2007	3119
2007	3118
2004	3118
2004	3117
2002	3117
2002	3116
1999	3116
1999	3115
1994	3115
1994	3114
1990	3114
1990	3113
1984	3113
1984	3112
1977	3112
1977	3111
1973	3111
1973	3110
1971	3110
1971	3109
1961	3109
1961	3108
1956	3108
1956	3107
1953	3107
1953	3106
1950	3106
1950	3105
1947	3105
1947	3104
1944	3104
1944	3103
1940	3103
1940	3102
1936	3102
1936	3101
1929	3101
1929	3100
1924	3100
1924	3099
1917	3099
1917	3098
1914	3098
1914	3097
1909	3097
1909	3096
1904	3096
1904	3095
1899	3095
1899	3094
1895	3094
1895	3093
1890	3093
1890	3092
1887	3092
1887	3091
1884	3091
1884	3090
1881	3090
1881	3089
1877	3089
1877	3088
1873	3088
1873	3087
1867	3087
1867	3086
1864	3086
1864	3085
1860	3085
1860	3084
1856	3084
1856	3083
1850	3083
1850	3082
1848	3082
1848	3081
1843	3081
1843	3080
1841	3080
1841	3079
1837	3079
1837	3078
1834	3078
1834	3077
1830	3077
1830	3076
1827	3076
1827	3075
1823	3075
1823	3074
1812	3074
1812	3073
1808	3073
1808	3072
1803	3072
1803	3071
1797	3071
1797	3070
1792	3070
1792	3069
1788	3069
1788	3068
1782	3068
1782	3067
1778	3067
1778	3066
1771	3066
1771	3065
1765	3065
1765	3064
1762	3064
1762	3063
1760	3063
1760	3062
1757	3062
1757	3061
1753	3061
1753	3060
1747	3060
1747	3059
1741	3059
1741	3058
1737	3058
1737	3057
1731	3057
1731	3056
1726	3056
1726	3055
1722	3055
1722	3054
1719	3054
1719	3053
1710	3053
1710	3052
1703	3052
1703	3051
1698	3051
1698	3050
1693	3050
1693	3049
1691	3049
1691	3048
1686	3048
1686	3047
1678	3047
1678	3046
1671	3046
1671	3045
1665	3045
1665	3044
1660	3044
1660	3043
1652	3043
1652	3042
1648	3042
1648	3041
1642	3041
1642	3040
1636	3040
1636	3039
1631	3039
1631	3038
1627	3038
1627	3037
1623	3037
1623	3036
1614	3036
1614	3035
1607	3035
1607	3034
1601	3034
1601	3033
1597	3033
1597	3032
1594	3032
1594	3031
1592	3031
1592	3030
1588	3030
1588	3029
1584	3029
1584	3028
1582	3028
1582	3027
1580	3027
1580	3026
1577	3026
1577	3025
1574	3025
1574	3024
1571	3024
1571	3023
1569	3023
1569	3022
1566	3022
1566	3021
1565	3021
1565	3020
1561	3020
1561	3019
1559	3019
1559	3018
1555	3018
1555	3017
1551	3017
1551	3016
1548	3016
1548	3015
1543	3015
1543	3014
1541	3014
1541	3013
1538	3013
1538	3012
1535	3012
1535	3011
1531	3011
1531	3010
1528	3010
1528	3009
1526	3009
1526	3008
1523	3008
1523	3007
1521	3007
1521	3006
1519	3006
1519	3005
1516	3005
1516	3004
1514	3004
1514	3003
1512	3003
1512	3002
1510	3002
1510	3001
1508	3001
1508	3000
1506	3000
1506	2999
1504	2999
1504	2998
1502	2998
1502	2997
1501	2997
1501	2996
1499	2996
1499	2995
1497	2995
1497	2994
1496	2994
1496	2993
1494	2993
1494	2992
1492	2992
1492	2991
1491	2991
1491	2990
1489	2990
1489	2989
1488	2989
1488	2988
1486	2988
1486	2987
1485	2987
1485	2986
1484	2986
1484	2985
1482	2985
1482	2984
1481	2984
1481	2983
1480	2983
1480	2982
1478	2982
1478	2981
1477	2981
1477	2980
1476	2980
1476	2979
1475	2979
1475	2978
1474	2978
1474	2977
1473	2977
1473	2976
1472	2976
1472	2975
1471	2975
1471	2974
1470	2974
1470	2973
1469	2973
1469	2972
1468	2972
1468	2970
1467	2970
1467	2968
1466	2968
1466	2966
1465	2966
1465	2964
1464	2964
1464	2962
1463	2962
1463	2959
1462	2959
1462	2946
1463	2946
1463	2944
1464	2944
1464	2943
1465	2943
1465	2942
1467	2942
1467	2943
1468	2943
1468	2941
1466	2941
1466	2939
1465	2939
1465	2937
1464	2937
1464	2936
1465	2936
1465	2931
1466	2931
1466	2929
1467	2929
1467	2926
1468	2926
1468	2925
1469	2925
1469	2924
1470	2924
1470	2923
1471	2923
1471	2922
1472	2922
1472	2920
1474	2920
1474	2919
1475	2919
1475	2917
1476	2917
1476	2916
1477	2916
1477	2915
1479	2915
1479	2914
1481	2914
1481	2913
1483	2913
1483	2912
1484	2912
1484	2911
1487	2911
1487	2910
1489	2910
1489	2909
1492	2909
1492	2908
1495	2908
1495	2907
1499	2907
1499	2906
1502	2906
1502	2905
1508	2905
1508	2904
1514	2904
1514	2903
1520	2903
1520	2902
1541	2902
1541	2903
1548	2903
1548	2904
1562	2904
1562	2905
1574	2905
1574	2906
1584	2906
1584	2907
1593	2907
1593	2908
1599	2908
1599	2909
1610	2909
1610	2910
1618	2910
1618	2911
1626	2911
1626	2912
1632	2912
1632	2913
1638	2913
1638	2914
1644	2914
1644	2915
1650	2915
1650	2916
1654	2916
1654	2917
1660	2917
1660	2918
1663	2918
1663	2919
1668	2919
1668	2920
1672	2920
1672	2921
1677	2921
1677	2922
1681	2922
1681	2923
1685	2923
1685	2924
1688	2924
1688	2925
1693	2925
1693	2926
1697	2926
1697	2927
1698	2927
1698	2928
1702	2928
1702	2929
1707	2929
1707	2930
1713	2930
1713	2931
1720	2931
1720	2932
1729	2932
1729	2933
1736	2933
1736	2934
1742	2934
1742	2935
1747	2935
1747	2936
1752	2936
1752	2937
1757	2937
1757	2938
1762	2938
1762	2939
1768	2939
1768	2940
1773	2940
1773	2941
1780	2941
1780	2942
1789	2942
1789	2943
1795	2943
1795	2944
1799	2944
1799	2945
1806	2945
1806	2946
1812	2946
1812	2947
1821	2947
1821	2948
1840	2948
1840	2949
1841	2949
1841	2948
1842	2948
1842	2949
1850	2949
1850	2950
1857	2950
1857	2951
1863	2951
1863	2952
1871	2952
1871	2953
1873	2953
1873	2952
1874	2952
1874	2953
1880	2953
1880	2954
1887	2954
1887	2955
1893	2955
1893	2956
1898	2956
1898	2957
1902	2957
1902	2958
1906	2958
1906	2959
1909	2959
1909	2960
1913	2960
1913	2961
1916	2961
1916	2962
1919	2962
1919	2963
1924	2963
1924	2964
1928	2964
1928	2965
1934	2965
1934	2966
1937	2966
1937	2967
1944	2967
1944	2968
1950	2968
1950	2969
1957	2969
1957	2970
1961	2970
1961	2971
1967	2971
1967	2972
1971	2972
1971	2973
1976	2973
1976	2974
1980	2974
1980	2975
1985	2975
1985	2976
1990	2976
1990	2977
1993	2977
1993	2978
1998	2978
1998	2979
2003	2979
2003	2980
2008	2980
2008	2981
2013	2981
2013	2982
2020	2982
2020	2983
2028	2983
2028	2984
2033	2984
2033	2986
2034	2986
2034	2985
2040	2985
2040	2986
2046	2986
2046	2987
2056	2987
2056	2988
2066	2988
2066	2989
2076	2989
2076	2990
2083	2990
2083	2991
2090	2991
2090	2992
2096	2992
2096	2993
2106	2993
2106	2994
2112	2994
2112	2995
2120	2995
2120	2996
2126	2996
2126	2997
2134	2997
2134	2998
2138	2998
2138	2999
2145	2999
2145	3000
2152	3000
2152	3001
2159	3001
2159	3002
2167	3002
2167	3003
2173	3003
2173	3004
2180	3004
2180	3005
2186	3005
2186	3006
2191	3006
2191	3007
2197	3007
2197	3008
2207	3008
2207	3009
2219	3009
2219	3010
2229	3010
2229	3011
2236	3011
2236	3012
2242	3012
2242	3013
2249	3013
2249	3014
2256	3014
2256	3015
2261	3015
2261	3016
2268	3016
2268	3017
2275	3017
2275	3018
2280	3018
2280	3019
2284	3019
2284	3020
2289	3020
2289	3021
2293	3021
2293	3022
2298	3022
2298	3023
2302	3023
2302	3024
2306	3024
2306	3025
2309	3025
2309	3026
2311	3026
2311	3027
2316	3027
2316	3028
2317	3028
2317	3030
2319	3030
2319	3031
2320	3031
2320	3030
2321	3030
2321	3031
2322	3031
2322	3032
2327	3032
2327	3033
2328	3033
2328	3034
2330	3034
2330	3035
2333	3035
2333	3036
2340	3036
2340	3037
2348	3037
2348	3036
2371	3036
2371	3037
2380	3037
2380	3038
2386	3038
2386	3039
2393	3039
2393	3040
2399	3040
2399	3041
2404	3041
2404	3042
2408	3042
2408	3043
2414	3043
2414	3044
2420	3044
2420	3045
2425	3045
2425	3046
2429	3046
2429	3047
2434	3047
2434	3048
2438	3048
2438	3049
2442	3049
2442	3050
2446	3050
2446	3051
2450	3051
2450	3052
2453	3052
2453	3053
2458	3053
2458	3054
2462	3054
2462	3055
2468	3055
2468	3056
2477	3056
2477	3057
2486	3057
2486	3058
2516	3058
2516	3059
2525	3059
2525	3060
2530	3060
2530	3061
2535	3061
2535	3062
2541	3062
2541	3063
2546	3063
2546	3064
2551	3064
2551	3065
2555	3065
2555	3066
2560	3066
2560	3067
2566	3067
2566	3068
2568	3068
2568	3069
2575	3069
2575	3070
2579	3070
2579	3071
2583	3071
2583	3072
2587	3072
2587	3073
2592	3073
2592	3074
2595	3074
2595	3075
2599	3075
2599	3076
2604	3076
2604	3077
2607	3077
2607	3078
2611	3078
2611	3079
2616	3079
2616	3080
2621	3080
2621	3081
2620	3081
2620	3082
2622	3082
2622	3081
2624	3081
2624	3082
2629	3082
2629	3083
2635	3083
2635	3084
2641	3084
2641	3085
2646	3085
2646	3086
2650	3086
2650	3087
2654	3087
2654	3088
2657	3088
2657	3091
2660	3091
2660	3090
2663	3090
2663	3093
2665	3093
2665	3092
2664	3092
2664	3091
2665	3091
2665	3092
2669	3092
2669	3093
2672	3093
2672	3094
2674	3094
2674	3095
2679	3095
2679	3096
2681	3096
2681	3097
2683	3097
2683	3098
2681	3098
2681	3099
2685	3099
2685	3100
2688	3100
2688	3101
2690	3101
2690	3102
2694	3102
2694	3103
2697	3103
2697	3104
2700	3104
2700	3105
2702	3105
2702	3106
2706	3106
2706	3107
2708	3107
2708	3108
2713	3108
2713	3109
2715	3109
2715	3110
2718	3110
2718	3111
2723	3111
2723	3112
2727	3112
2727	3113
2731	3113
2731	3114
2735	3114
2735	3115
2739	3115
2739	3116
2741	3116
2741	3117
2745	3117
2745	3118
2749	3118
2749	3119
2752	3119
2752	3120
2756	3120
2756	3121
2760	3121
2760	3122
2764	3122
2764	3123
2767	3123
2767	3124
2772	3124
2772	3125
2774	3125
2774	3126
2778	3126
2778	3127
2782	3127
2782	3128
2785	3128
2785	3129
2788	3129
2788	3130
2792	3130
2792	3131
2795	3131
2795	3132
2799	3132
2799	3133
2803	3133
2803	3134
2807	3134
2807	3135
2810	3135
2810	3136
2814	3136
2814	3137
2817	3137
2817	3138
2820	3138
2820	3139
2824	3139
2824	3140
2826	3140
2826	3141
2829	3141
2829	3142
2832	3142
2832	3143
2835	3143
2835	3144
2839	3144
2839	3145
2842	3145
2842	3146
2845	3146
2845	3147
2849	3147
2849	3148
2851	3148
2851	3149
2853	3149
2853	3150
2855	3150
2855	3151
2858	3151
2858	3152
2860	3152
2860	3153
2863	3153
2863	3154
2865	3154
2865	3155
2867	3155
2867	3156
2870	3156
2870	3157
2872	3157
2872	3158
2876	3158
2876	3159
2878	3159
2878	3160
2881	3160
2881	3161
2884	3161
2884	3162
2886	3162
2886	3163
2888	3163
2888	3164
2892	3164
2892	3165
2893	3165
2893	3166
2895	3166
2895	3167
2897	3167
2897	3168
2900	3168
2900	3169
2903	3169
2903	3170
2905	3170
2905	3171
2907	3171
2907	3172
2909	3172
2909	3173
2911	3173
2911	3174
2914	3174
2914	3175
2918	3175
2918	3176
2919	3176
2919	3177
2922	3177
2922	3178
2926	3178
2926	3179
2928	3179
2928	3180
2930	3180
2930	3181
2934	3181
2934	3182
2939	3182
2939	3183
2943	3183
2943	3184
2945	3184
2945	3185
2948	3185
2948	3186
2952	3186
2952	3187
2959	3187
2959	3188
2960	3188
2960	3187
2963	3187
2963	3186
2966	3186
2966	3187
2968	3187
2968	3188
2969	3188
2969	3189
2971	3189
2971	3190
2973	3190
2973	3191
2976	3191
2976	3192
2979	3192
2979	3193
2982	3193
2982	3194
2987	3194
2987	3195
2991	3195
2991	3196
2996	3196
2996	3197
3000	3197
3000	3198
3004	3198
3004	3199
3008	3199
3008	3200
3012	3200
3012	3201
3017	3201
3017	3202
3022	3202
3022	3201
3024	3201
3024	3200
3027	3200
3027	3199
3028	3199
3028	3197
3029	3197
3029	3196
3030	3196
3030	3193
3031	3193
3031	3191
3032	3191
3032	3188
3033	3188
3033	3181
3034	3181
3034	3178
3035	3178
3035	3166
3034	3166
3034	3162
3033	3162
3033	3156
3032	3156
3032	3150
3031	3150
3031	3146
3030	3146
3030	3142
3029	3142
3029	3139
3028	3139
3028	3135
3027	3135
3027	3131
3026	3131
3026	3130
3025	3130
3025	3126
3024	3126
3024	3123
3023	3123
3023	3120
3022	3120
3022	3118
3021	3118
3021	3116
3020	3116
3020	3114
3019	3114
3019	3112
3018	3112
3018	3111
3017	3111
3017	3110
3016	3110
3016	3109
3015	3109
3015	3107
3014	3107
3014	3105
3013	3105
3013	3104
3012	3104
3012	3102
3011	3102
3011	3100
3010	3100
3010	3099
3009	3099
3009	3097
3008	3097
3008	3096
3007	3096
3007	3094
3006	3094
3006	3091
3005	3091
3005	3089
3004	3089
3004	3085
3003	3085
3003	3077
3002	3077
3002	3070
3003	3070
3003	3069
3006	3069
3006	3067
3005	3067
3005	3065
3006	3065
3006	3064
3005	3064
3005	3059
3004	3059
3004	3055
3003	3055
3003	3049
3002	3049
3002	3044
3001	3044
3001	3042
3000	3042
3000	3039
2999	3039
2999	3037
2998	3037
2998	3034
2997	3034
2997	3030
2996	3030
2996	3024
2995	3024
2995	3020
2994	3020
2994	3015
2993	3015
2993	3011
2992	3011
2992	3009
2991	3009
2991	3005
2990	3005
2990	2999
2989	2999
2989	2991
2988	2991
2988	2985
2987	2985
2987	2979
2986	2979
2986	2972
2985	2972
2985	2966
2984	2966
2984	2964
2983	2964
2983	2962
2982	2962
2982	2957
2981	2957
2981	2952
2980	2952
2980	2947
2979	2947
2979	2942
2978	2942
2978	2938
2977	2938
2977	2929
2976	2929
2976	2924
2975	2924
2975	2920
2974	2920
2974	2917
2973	2917
2973	2909
2972	2909
2972	2906
2971	2906
2971	2902
2970	2902
2970	2898
2969	2898
2969	2894
2968	2894
2968	2890
2967	2890
2967	2886
2966	2886
2966	2884
2965	2884
2965	2880
2964	2880
2964	2874
2963	2874
2963	2869
2962	2869
2962	2864
2961	2864
2961	2857
2960	2857
2960	2847
2959	2847
2959	2840
2958	2840
2958	2834
2957	2834
2957	2830
2956	2830
2956	2824
2955	2824
2955	2820
2954	2820
2954	2816
2953	2816
2953	2810
2952	2810
2952	2805
2951	2805
2951	2801
2950	2801
2950	2798
2949	2798
2949	2793
2948	2793
2948	2789
2947	2789
2947	2782
2946	2782
2946	2776
2945	2776
2945	2770
2944	2770
2944	2764
2943	2764
2943	2761
2942	2761
2942	2757
2941	2757
2941	2750
2940	2750
2940	2745
2939	2745
2939	2731
2938	2731
2938	2726
2937	2726
2937	2720
2936	2720
2936	2713
2935	2713
2935	2706
2934	2706
2934	2701
2933	2701
2933	2693
2932	2693
2932	2685
2931	2685
2931	2679
2930	2679
2930	2673
2929	2673
2929	2665
2928	2665
2928	2660
2927	2660
2927	2655
2926	2655
2926	2643
2925	2643
2925	2636
2924	2636
2924	2630
2923	2630
2923	2621
2922	2621
2922	2613
2921	2613
2921	2591
2920	2591
2920	2584
2919	2584
2919	2582
2921	2582
2921	2583
2922	2583
2922	2581
2919	2581
2919	2578
2918	2578
2918	2573
2917	2573
2917	2568
2916	2568
2916	2563
2915	2563
2915	2560
2914	2560
2914	2555
2913	2555
2913	2542
2912	2542
2912	2533
2911	2533
2911	2529
2910	2529
2910	2518
2909	2518
2909	2510
2908	2510
2908	2505
2907	2505
2907	2501
2906	2501
2906	2498
2905	2498
2905	2488
2904	2488
2904	2479
2903	2479
2903	2464
2902	2464
2902	2448
2901	2448
2901	2433
2900	2433
2900	2428
2899	2428
2899	2420
2898	2420
2898	2409
2897	2409
2897	2405
2898	2405
2898	2386
2897	2386
2897	2382
2898	2382
2898	2379
2897	2379
2897	2370
2896	2370
2896	2361
2895	2361
2895	2354
2894	2354
2894	2344
2893	2344
2893	2312
2892	2312
2892	2299
2891	2299
2891	2292
2890	2292
2890	2279
2889	2279
2889	2274
2888	2274
2888	2268
2887	2268
2887	2263
2886	2263
2886	2258
2885	2258
2885	2248
2884	2248
2884	2243
2883	2243
2883	2232
2882	2232
2882	2222
2881	2222
2881	2206
2880	2206
2880	2202
2879	2202
2879	2198
2878	2198
2878	2193
2877	2193
2877	2184
2876	2184
2876	2179
2875	2179
2875	2173
2874	2173
2874	2162
2873	2162
2873	2148
2872	2148
2872	2130
2871	2130
2871	2115
2872	2115
2872	2094
2873	2094
2873	2090
2872	2090
2872	2089
2873	2089
2873	2088
2872	2088
2872	2075
2871	2075
2871	2058
2870	2058
2870	2055
2871	2055
2871	2036
2872	2036
2872	2033
2871	2033
2871	2023
2872	2023
2872	2008
2873	2008
2873	1992
2874	1992
2874	1987
2873	1987
2873	1953
2872	1953
2872	1939
2871	1939
2871	1923
2872	1923
2872	1922
2871	1922
2871	1918
2872	1918
2872	1916
2871	1916
2871	1913
2872	1913
2872	1905
2871	1905
2871	1894
2870	1894
2870	1885
2869	1885
2869	1875
2868	1875
2868	1863
2869	1863
2869	1845
2870	1845
2870	1835
2871	1835
2871	1749
2870	1749
2870	1731
2869	1731
2869	1720
2868	1720
2868	1702
2869	1702
2869	1686
2870	1686
2870	1660
2871	1660
2871	1652
2872	1652
2872	1642
2873	1642
2873	1635
2874	1635
2874	1626
2875	1626
2875	1620
2876	1620
2876	1616
2877	1616
2877	1612
2878	1612
2878	1608
2879	1608
2879	1605
2880	1605
2880	1601
2881	1601
2881	1598
2882	1598
2882	1596
2883	1596
2883	1590
2884	1590
2884	1582
2885	1582
2885	1581
2884	1581
2884	1576
2885	1576
2885	1565
2886	1565
2886	1562
2887	1562
2887	1558
2888	1558
2888	1552
2889	1552
2889	1548
2890	1548
2890	1544
2891	1544
2891	1540
2892	1540
2892	1537
2893	1537
2893	1533
2894	1533
2894	1530
2895	1530
2895	1525
2896	1525
2896	1523
2895	1523
2895	1508
2896	1508
2896	1496
2897	1496
2897	1488
2898	1488
2898	1480
2899	1480
2899	1472
2898	1472
2898	1471
2899	1471
2899	1467
2900	1467
2900	1464
2901	1464
2901	1460
2902	1460
2902	1453
2903	1453
2903	1446
2904	1446
2904	1439
2905	1439
2905	1433
2906	1433
2906	1428
2907	1428
2907	1425
2908	1425
2908	1422
2909	1422
2909	1418
2910	1418
2910	1415
2911	1415
2911	1413
2912	1413
2912	1410
2913	1410
2913	1407
2914	1407
2914	1405
2915	1405
2915	1403
2916	1403
2916	1401
2917	1401
2917	1397
2918	1397
2918	1394
2919	1394
2919	1391
2920	1391
2920	1389
2921	1389
2921	1387
2922	1387
2922	1385
2923	1385
2923	1384
2924	1384
2924	1381
2925	1381
2925	1379
2926	1379
2926	1377
2927	1377
2927	1375
2928	1375
2928	1373
2929	1373
2929	1371
2930	1371
2930	1370
2931	1370
2931	1368
2932	1368
2932	1367
2933	1367
2933	1365
2934	1365
2934	1363
2935	1363
2935	1362
2936	1362
2936	1360
2937	1360
2937	1358
2938	1358
2938	1356
2939	1356
2939	1354
2940	1354
2940	1352
2941	1352
2941	1351
2942	1351
2942	1349
2943	1349
2943	1347
2944	1347
2944	1346
2945	1346
2945	1344
2946	1344
2946	1343
2947	1343
2947	1342
2948	1342
2948	1340
2949	1340
2949	1339
2950	1339
2950	1338
2951	1338
2951	1337
2952	1337
2952	1336
2953	1336
2953	1335
2954	1335
2954	1334
2955	1334
2955	1333
2956	1333
2956	1332
2958	1332
2958	1331
2959	1331
2959	1330
2961	1330
2961	1329
2963	1329
2963	1328
2964	1328
2964	1327
2966	1327
2966	1326
2969	1326
2969	1325
2981	1325
2981	1326
2983	1326
2983	1327
2982	1327
2982	1328
2983	1328
2983	1330
2984	1330
2984	1331
2985	1331
2985	1329
2986	1329
2986	1327
2987	1327
2987	1326
2989	1326
2989	1327
2996	1327
2996	1328
2998	1328
2998	1329
3000	1329
3000	1330
3001	1330
3001	1331
3002	1331
3002	1332
3004	1332
3004	1334
3005	1334
3005	1335
3006	1335
3006	1336
3007	1336
3007	1337
3008	1337
3008	1338
3009	1338
3009	1339
3010	1339
3010	1340
3011	1340
3011	1341
3012	1341
3012	1343
3013	1343
3013	1345
3014	1345
3014	1346
3015	1346
3015	1348
3016	1348
3016	1351
3017	1351
3017	1353
3018	1353
3018	1356
3019	1356
3019	1358
3020	1358
3020	1361
3021	1361
3021	1363
3022	1363
3022	1366
3023	1366
3023	1368
3024	1368
3024	1376
3025	1376
3025	1382
3026	1382
3026	1385
3027	1385
3027	1393
3028	1393
3028	1403
3029	1403
3029	1407
3030	1407
3030	1413
3031	1413
3031	1424
3032	1424
3032	1440
3033	1440
3033	1444
3032	1444
3032	1455
3031	1455
3031	1466
3030	1466
3030	1475
3029	1475
3029	1482
3028	1482
3028	1517
3027	1517
3027	1536
3026	1536
3026	1548
3025	1548
3025	1581
3026	1581
3026	1597
3027	1597
3027	1618
3028	1618
3028	1637
3029	1637
3029	1651
3030	1651
3030	1686
3029	1686
3029	1690
3030	1690
3030	1692
3029	1692
3029	1707
3028	1707
3028	1714
3027	1714
3027	1720
3026	1720
3026	1735
3025	1735
3025	1742
3024	1742
3024	1750
3023	1750
3023	1770
3024	1770
3024	1773
3023	1773
3023	1835
3024	1835
3024	1846
3023	1846
3023	1853
3024	1853
3024	1860
3023	1860
3023	1866
3024	1866
3024	1867
3023	1867
3023	1885
3024	1885
3024	1888
3023	1888
3023	1910
3024	1910
3024	1923
3025	1923
3025	1934
3026	1934
3026	1947
3027	1947
3027	1957
3028	1957
3028	1966
3029	1966
3029	1976
3030	1976
3030	1985
3031	1985
3031	1994
3032	1994
3032	2013
3033	2013
3033	2022
3034	2022
3034	2027
3035	2027
3035	2035
3036	2035
3036	2042
3037	2042
3037	2048
3038	2048
3038	2060
3039	2060
3039	2066
3040	2066
3040	2073
3041	2073
3041	2083
3042	2083
3042	2091
3043	2091
3043	2099
3044	2099
3044	2104
3045	2104
3045	2120
3046	2120
3046	2146
3047	2146
3047	2188
3046	2188
3046	2196
3047	2196
3047	2202
3046	2202
3046	2216
3047	2216
3047	2225
3048	2225
3048	2233
3049	2233
3049	2242
3050	2242
3050	2258
3051	2258
3051	2269
3052	2269
3052	2276
3053	2276
3053	2281
3054	2281
3054	2285
3055	2285
3055	2292
3056	2292
3056	2298
3057	2298
3057	2306
3058	2306
3058	2313
3059	2313
3059	2323
3060	2323
3060	2332
3061	2332
3061	2340
3062	2340
3062	2348
3063	2348
3063	2355
3064	2355
3064	2361
3065	2361
3065	2366
3066	2366
3066	2371
3067	2371
3067	2378
3068	2378
3068	2386
3069	2386
3069	2407
3070	2407
3070	2419
3071	2419
