1578	1429
1577	1429
1577	1445
1576	1445
1576	1453
1575	1453
1575	1471
1576	1471
1576	1479
1577	1479
1577	1492
1578	1492
1578	1494
1577	1494
1577	1495
1578	1495
1578	1519
1579	1519
1579	1572
1578	1572
1578	1594
1577	1594
1577	1602
1576	1602
1576	1609
1575	1609
1575	1617
1574	1617
1574	1643
1573	1643
1573	1683
1572	1683
1572	1695
1571	1695
1571	1697
1572	1697
1572	1699
1571	1699
1571	1712
1572	1712
1572	1729
1571	1729
1571	1735
1570	1735
1570	1755
1569	1755
1569	1756
1570	1756
1570	1767
1569	1767
1569	1768
1570	1768
1570	1771
1569	1771
1569	1784
1568	1784
1568	1798
1567	1798
1567	1802
1568	1802
1568	1803
1567	1803
1567	1818
1568	1818
1568	1845
1567	1845
1567	1878
1566	1878
1566	1899
1565	1899
1565	1900
1566	1900
1566	1901
1565	1901
1565	1918
1564	1918
1564	1928
1563	1928
1563	1932
1562	1932
1562	1941
1561	1941
1561	1951
1560	1951
1560	1971
1559	1971
1559	1972
1560	1972
1560	1974
1559	1974
1559	1983
1558	1983
1558	1989
1557	1989
1557	1991
1558	1991
1558	1992
1557	1992
1557	1998
1556	1998
1556	2002
1555	2002
1555	2006
1554	2006
1554	2008
1553	2008
1553	2015
1552	2015
1552	2027
1551	2027
1551	2038
1550	2038
1550	2046
1549	2046
1549	2061
1548	2061
1548	2074
1547	2074
1547	2082
1546	2082
1546	2086
1545	2086
1545	2090
1547	2090
1547	2091
1548	2091
1548	2094
1546	2094
1546	2093
1544	2093
1544	2092
1543	2092
1543	2094
1544	2094
1544	2095
1547	2095
1547	2098
1546	2098
1546	2100
1545	2100
1545	2103
1544	2103
1544	2109
1543	2109
1543	2122
1542	2122
1542	2126
1543	2126
1543	2125
1544	2125
1544	2123
1545	2123
1545	2122
1547	2122
1547	2121
1548	2121
1548	2120
1549	2120
1549	2118
1550	2118
1550	2117
1551	2117
1551	2116
1552	2116
1552	2115
1553	2115
1553	2113
1554	2113
1554	2112
1555	2112
1555	2111
1556	2111
1556	2110
1557	2110
1557	2109
1558	2109
1558	2108
1560	2108
1560	2106
1561	2106
1561	2105
1562	2105
1562	2104
1563	2104
1563	2103
1564	2103
1564	2102
1565	2102
1565	2101
1566	2101
1566	2100
1567	2100
1567	2099
1568	2099
1568	2098
1569	2098
1569	2097
1570	2097
1570	2096
1571	2096
1571	2095
1572	2095
1572	2094
1573	2094
1573	2093
1574	2093
1574	2092
1575	2092
1575	2091
1576	2091
1576	2090
1577	2090
1577	2089
1578	2089
1578	2087
1579	2087
1579	2085
1580	2085
1580	2084
1581	2084
1581	2082
1582	2082
1582	2080
1583	2080
1583	2079
1584	2079
1584	2077
1585	2077
1585	2076
1586	2076
1586	2074
1587	2074
1587	2072
1588	2072
1588	2071
1589	2071
1589	2070
1590	2070
1590	2068
1591	2068
1591	2066
1592	2066
1592	2063
1593	2063
1593	2061
1594	2061
1594	2059
1595	2059
1595	2058
1596	2058
1596	2055
1597	2055
1597	2054
1598	2054
1598	2053
1599	2053
1599	2051
1600	2051
1600	2050
1601	2050
1601	2048
1602	2048
1602	2047
1603	2047
1603	2044
1604	2044
1604	2043
1605	2043
1605	2041
1607	2041
1607	2039
1608	2039
1608	2037
1609	2037
1609	2035
1610	2035
1610	2034
1611	2034
1611	2032
1612	2032
1612	2031
1613	2031
1613	2029
1615	2029
1615	2027
1616	2027
1616	2026
1617	2026
1617	2024
1618	2024
1618	2023
1619	2023
1619	2021
1620	2021
1620	2019
1621	2019
1621	2018
1622	2018
1622	2017
1623	2017
1623	2016
1624	2016
1624	2015
1625	2015
1625	2013
1626	2013
1626	2011
1627	2011
1627	2010
1628	2010
1628	2008
1629	2008
1629	2007
1630	2007
1630	2005
1631	2005
1631	2004
1632	2004
1632	2003
1633	2003
1633	2002
1634	2002
1634	2001
1635	2001
1635	2000
1636	2000
1636	1998
1637	1998
1637	1997
1638	1997
1638	1996
1639	1996
1639	1994
1640	1994
1640	1993
1641	1993
1641	1992
1642	1992
1642	1991
1643	1991
1643	1989
1644	1989
1644	1988
1645	1988
1645	1987
1646	1987
1646	1985
1647	1985
1647	1984
1649	1984
1649	1983
1650	1983
1650	1982
1651	1982
1651	1981
1652	1981
1652	1980
1653	1980
1653	1979
1654	1979
1654	1978
1655	1978
1655	1977
1658	1977
1658	1976
1659	1976
1659	1975
1660	1975
1660	1974
1661	1974
1661	1973
1662	1973
1662	1972
1664	1972
1664	1971
1665	1971
1665	1970
1666	1970
1666	1969
1667	1969
1667	1968
1668	1968
1668	1967
1669	1967
1669	1965
1670	1965
1670	1964
1671	1964
1671	1963
1672	1963
1672	1962
1673	1962
1673	1961
1675	1961
1675	1959
1676	1959
1676	1958
1677	1958
1677	1957
1678	1957
1678	1956
1679	1956
1679	1955
1680	1955
1680	1954
1681	1954
1681	1953
1683	1953
1683	1952
1684	1952
1684	1951
1685	1951
1685	1950
1686	1950
1686	1949
1687	1949
1687	1948
1688	1948
1688	1947
1689	1947
1689	1946
1690	1946
1690	1944
1692	1944
1692	1943
1693	1943
1693	1941
1694	1941
1694	1939
1695	1939
1695	1938
1696	1938
1696	1937
1697	1937
1697	1935
1698	1935
1698	1934
1699	1934
1699	1933
1700	1933
1700	1932
1701	1932
1701	1931
1702	1931
1702	1929
1703	1929
1703	1928
1704	1928
1704	1927
1705	1927
1705	1926
1706	1926
1706	1925
1707	1925
1707	1924
1708	1924
1708	1923
1709	1923
1709	1922
1710	1922
1710	1921
1711	1921
1711	1919
1712	1919
1712	1918
1713	1918
1713	1917
1714	1917
1714	1916
1715	1916
1715	1915
1716	1915
1716	1914
1717	1914
1717	1913
1718	1913
1718	1912
1719	1912
1719	1911
1720	1911
1720	1909
1721	1909
1721	1908
1722	1908
1722	1906
1723	1906
1723	1905
1724	1905
1724	1903
1725	1903
1725	1902
1726	1902
1726	1901
1727	1901
1727	1900
1728	1900
1728	1899
1729	1899
1729	1897
1730	1897
1730	1896
1731	1896
1731	1894
1732	1894
1732	1893
1733	1893
1733	1892
1734	1892
1734	1891
1735	1891
1735	1889
1736	1889
1736	1888
1737	1888
1737	1887
1738	1887
1738	1886
1739	1886
1739	1885
1740	1885
1740	1883
1742	1883
1742	1882
1743	1882
1743	1881
1744	1881
1744	1879
1745	1879
1745	1878
1747	1878
1747	1876
1749	1876
1749	1875
1750	1875
1750	1874
1751	1874
1751	1873
1752	1873
1752	1872
1753	1872
1753	1871
1754	1871
1754	1870
1755	1870
1755	1869
1756	1869
1756	1868
1757	1868
1757	1867
1758	1867
1758	1866
1759	1866
1759	1865
1760	1865
1760	1864
1761	1864
1761	1863
1762	1863
1762	1862
1763	1862
1763	1861
1764	1861
1764	1859
1765	1859
1765	1858
1766	1858
1766	1857
1767	1857
1767	1856
1768	1856
1768	1855
1769	1855
1769	1853
1770	1853
1770	1852
1771	1852
1771	1851
1772	1851
1772	1849
1773	1849
1773	1848
1774	1848
1774	1846
1775	1846
1775	1845
1776	1845
1776	1844
1777	1844
1777	1843
1778	1843
1778	1842
1779	1842
1779	1840
1780	1840
1780	1839
1781	1839
1781	1838
1782	1838
1782	1837
1783	1837
1783	1836
1784	1836
1784	1835
1786	1835
1786	1834
1787	1834
1787	1833
1788	1833
1788	1832
1789	1832
1789	1831
1790	1831
1790	1830
1791	1830
1791	1829
1792	1829
1792	1828
1794	1828
1794	1827
1795	1827
1795	1826
1796	1826
1796	1825
1797	1825
1797	1824
1799	1824
1799	1823
1800	1823
1800	1821
1802	1821
1802	1820
1803	1820
1803	1819
1804	1819
1804	1818
1805	1818
1805	1817
1806	1817
1806	1816
1807	1816
1807	1815
1808	1815
1808	1814
1809	1814
1809	1813
1810	1813
1810	1812
1812	1812
1812	1811
1813	1811
1813	1809
1814	1809
1814	1808
1815	1808
1815	1807
1816	1807
1816	1806
1817	1806
1817	1805
1819	1805
1819	1804
1820	1804
1820	1803
1821	1803
1821	1802
1823	1802
1823	1801
1824	1801
1824	1800
1825	1800
1825	1799
1826	1799
1826	1798
1828	1798
1828	1797
1829	1797
1829	1796
1830	1796
1830	1795
1832	1795
1832	1794
1833	1794
1833	1793
1834	1793
1834	1792
1836	1792
1836	1791
1838	1791
1838	1790
1839	1790
1839	1789
1840	1789
1840	1788
1841	1788
1841	1787
1843	1787
1843	1786
1844	1786
1844	1785
1846	1785
1846	1784
1847	1784
1847	1783
1849	1783
1849	1781
1850	1781
1850	1780
1852	1780
1852	1779
1853	1779
1853	1778
1854	1778
1854	1777
1855	1777
1855	1776
1856	1776
1856	1775
1858	1775
1858	1774
1859	1774
1859	1773
1860	1773
1860	1772
1861	1772
1861	1771
1862	1771
1862	1770
1863	1770
1863	1769
1864	1769
1864	1768
1865	1768
1865	1767
1867	1767
1867	1765
1868	1765
1868	1764
1870	1764
1870	1763
1871	1763
1871	1762
1872	1762
1872	1760
1873	1760
1873	1759
1874	1759
1874	1758
1875	1758
1875	1757
1876	1757
1876	1756
1878	1756
1878	1755
1879	1755
1879	1754
1880	1754
1880	1753
1881	1753
1881	1752
1883	1752
1883	1750
1884	1750
1884	1749
1886	1749
1886	1748
1887	1748
1887	1747
1888	1747
1888	1746
1889	1746
1889	1745
1890	1745
1890	1744
1891	1744
1891	1743
1892	1743
1892	1742
1893	1742
1893	1741
1895	1741
1895	1740
1896	1740
1896	1739
1897	1739
1897	1738
1898	1738
1898	1737
1899	1737
1899	1736
1900	1736
1900	1735
1901	1735
1901	1734
1902	1734
1902	1733
1904	1733
1904	1732
1905	1732
1905	1731
1906	1731
1906	1729
1908	1729
1908	1728
1909	1728
1909	1727
1910	1727
1910	1726
1911	1726
1911	1725
1912	1725
1912	1724
1913	1724
1913	1723
1914	1723
1914	1722
1915	1722
1915	1721
1916	1721
1916	1720
1917	1720
1917	1719
1919	1719
1919	1718
1920	1718
1920	1717
1922	1717
1922	1716
1923	1716
1923	1715
1924	1715
1924	1714
1925	1714
1925	1713
1926	1713
1926	1712
1928	1712
1928	1711
1929	1711
1929	1710
1931	1710
1931	1709
1932	1709
1932	1708
1933	1708
1933	1707
1934	1707
1934	1706
1936	1706
1936	1705
1937	1705
1937	1704
1939	1704
1939	1703
1940	1703
1940	1702
1941	1702
1941	1701
1942	1701
1942	1700
1944	1700
1944	1699
1946	1699
1946	1698
1947	1698
1947	1697
1949	1697
1949	1696
1950	1696
1950	1695
1952	1695
1952	1694
1954	1694
1954	1693
1956	1693
1956	1692
1958	1692
1958	1691
1960	1691
1960	1690
1962	1690
1962	1689
1964	1689
1964	1688
1965	1688
1965	1687
1967	1687
1967	1686
1968	1686
1968	1685
1969	1685
1969	1684
1971	1684
1971	1683
1973	1683
1973	1682
1974	1682
1974	1681
1975	1681
1975	1680
1976	1680
1976	1679
1978	1679
1978	1678
1979	1678
1979	1677
1981	1677
1981	1676
1983	1676
1983	1675
1984	1675
1984	1674
1985	1674
1985	1673
1987	1673
1987	1672
1988	1672
1988	1671
1990	1671
1990	1670
1991	1670
1991	1669
1992	1669
1992	1668
1993	1668
1993	1667
1995	1667
1995	1666
1996	1666
1996	1665
1998	1665
1998	1664
2000	1664
2000	1663
2001	1663
2001	1662
2003	1662
2003	1661
2005	1661
2005	1660
2007	1660
2007	1659
2009	1659
2009	1658
2010	1658
2010	1657
2012	1657
2012	1656
2013	1656
2013	1655
2014	1655
2014	1654
2016	1654
2016	1653
2017	1653
2017	1652
2019	1652
2019	1651
2021	1651
2021	1650
2022	1650
2022	1649
2024	1649
2024	1648
2025	1648
2025	1647
2027	1647
2027	1646
2028	1646
2028	1645
2030	1645
2030	1644
2032	1644
2032	1643
2034	1643
2034	1642
2036	1642
2036	1641
2037	1641
2037	1640
2040	1640
2040	1639
2042	1639
2042	1638
2045	1638
2045	1637
2048	1637
2048	1636
2050	1636
2050	1635
2053	1635
2053	1634
2054	1634
2054	1633
2058	1633
2058	1632
2059	1632
2059	1631
2061	1631
2061	1630
2063	1630
2063	1629
2065	1629
2065	1628
2068	1628
2068	1627
2069	1627
2069	1626
2071	1626
2071	1625
2073	1625
2073	1624
2076	1624
2076	1623
2078	1623
2078	1622
2079	1622
2079	1621
2082	1621
2082	1620
2084	1620
2084	1619
2087	1619
2087	1618
2090	1618
2090	1617
2092	1617
2092	1616
2095	1616
2095	1615
2098	1615
2098	1614
2100	1614
2100	1613
2102	1613
2102	1612
2104	1612
2104	1611
2106	1611
2106	1610
2109	1610
2109	1609
2111	1609
2111	1608
2113	1608
2113	1607
2114	1607
2114	1606
2116	1606
2116	1605
2118	1605
2118	1604
2119	1604
2119	1603
2121	1603
2121	1602
2122	1602
2122	1601
2124	1601
2124	1600
2126	1600
2126	1599
2128	1599
2128	1598
2129	1598
2129	1597
2131	1597
2131	1596
2133	1596
2133	1595
2134	1595
2134	1594
2136	1594
2136	1593
2138	1593
2138	1592
2139	1592
2139	1591
2141	1591
2141	1590
2143	1590
2143	1589
2145	1589
2145	1588
2146	1588
2146	1587
2148	1587
2148	1586
2150	1586
2150	1585
2152	1585
2152	1584
2153	1584
2153	1583
2155	1583
2155	1582
2157	1582
2157	1581
2159	1581
2159	1580
2161	1580
2161	1579
2163	1579
2163	1578
2165	1578
2165	1577
2168	1577
2168	1576
2170	1576
2170	1575
2173	1575
2173	1574
2176	1574
2176	1573
2179	1573
2179	1572
2181	1572
2181	1571
2183	1571
2183	1570
2186	1570
2186	1569
2188	1569
2188	1568
2191	1568
2191	1567
2193	1567
2193	1566
2195	1566
2195	1565
2198	1565
2198	1564
2200	1564
2200	1563
2203	1563
2203	1562
2205	1562
2205	1561
2209	1561
2209	1560
2212	1560
2212	1559
2214	1559
2214	1558
2216	1558
2216	1557
2219	1557
2219	1556
2222	1556
2222	1555
2225	1555
2225	1554
2229	1554
2229	1553
2233	1553
2233	1552
2240	1552
2240	1551
2246	1551
2246	1550
2263	1550
2263	1551
2269	1551
2269	1552
2273	1552
2273	1553
2275	1553
2275	1554
2277	1554
2277	1555
2279	1555
2279	1556
2280	1556
2280	1557
2282	1557
2282	1558
2283	1558
2283	1559
2284	1559
2284	1561
2285	1561
2285	1563
2284	1563
2284	1564
2283	1564
2283	1565
2282	1565
2282	1567
2285	1567
2285	1574
2284	1574
2284	1576
2283	1576
2283	1578
2282	1578
2282	1580
2281	1580
2281	1581
2280	1581
2280	1583
2279	1583
2279	1584
2278	1584
2278	1585
2277	1585
2277	1586
2276	1586
2276	1587
2275	1587
2275	1589
2274	1589
2274	1590
2273	1590
2273	1591
2271	1591
2271	1593
2270	1593
2270	1594
2269	1594
2269	1595
2268	1595
2268	1596
2267	1596
2267	1597
2265	1597
2265	1598
2264	1598
2264	1599
2263	1599
2263	1600
2262	1600
2262	1601
2261	1601
2261	1602
2260	1602
2260	1603
2259	1603
2259	1604
2258	1604
2258	1605
2256	1605
2256	1606
2255	1606
2255	1607
2254	1607
2254	1608
2252	1608
2252	1609
2251	1609
2251	1610
2250	1610
2250	1611
2248	1611
2248	1612
2247	1612
2247	1613
2245	1613
2245	1614
2243	1614
2243	1615
2241	1615
2241	1616
2240	1616
2240	1617
2238	1617
2238	1618
2236	1618
2236	1619
2234	1619
2234	1620
2233	1620
2233	1621
2231	1621
2231	1622
2230	1622
2230	1623
2228	1623
2228	1624
2226	1624
2226	1625
2225	1625
2225	1626
2223	1626
2223	1627
2220	1627
2220	1628
2219	1628
2219	1629
2217	1629
2217	1630
2215	1630
2215	1631
2214	1631
2214	1632
2212	1632
2212	1633
2211	1633
2211	1634
2209	1634
2209	1635
2207	1635
2207	1636
2205	1636
2205	1637
2203	1637
2203	1638
2201	1638
2201	1639
2199	1639
2199	1640
2198	1640
2198	1641
2196	1641
2196	1642
2195	1642
2195	1643
2193	1643
2193	1644
2192	1644
2192	1645
2190	1645
2190	1646
2189	1646
2189	1647
2187	1647
2187	1648
2186	1648
2186	1649
2184	1649
2184	1650
2182	1650
2182	1651
2179	1651
2179	1652
2177	1652
2177	1653
2174	1653
2174	1654
2172	1654
2172	1655
2170	1655
2170	1656
2167	1656
2167	1657
2166	1657
2166	1658
2164	1658
2164	1659
2163	1659
2163	1660
2161	1660
2161	1661
2159	1661
2159	1662
2157	1662
2157	1663
2155	1663
2155	1664
2154	1664
2154	1665
2152	1665
2152	1666
2150	1666
2150	1667
2148	1667
2148	1668
2147	1668
2147	1669
2146	1669
2146	1670
2144	1670
2144	1671
2142	1671
2142	1672
2140	1672
2140	1673
2138	1673
2138	1674
2137	1674
2137	1675
2135	1675
2135	1676
2133	1676
2133	1677
2132	1677
2132	1678
2130	1678
2130	1679
2128	1679
2128	1680
2126	1680
2126	1681
2124	1681
2124	1682
2122	1682
2122	1683
2119	1683
2119	1684
2117	1684
2117	1685
2116	1685
2116	1686
2115	1686
2115	1687
2114	1687
2114	1688
2112	1688
2112	1689
2110	1689
2110	1690
2109	1690
2109	1691
2108	1691
2108	1692
2107	1692
2107	1693
2106	1693
2106	1694
2104	1694
2104	1695
2103	1695
2103	1696
2101	1696
2101	1697
2099	1697
2099	1698
2097	1698
2097	1699
2096	1699
2096	1700
2094	1700
2094	1701
2092	1701
2092	1702
2090	1702
2090	1704
2088	1704
2088	1705
2087	1705
2087	1706
2086	1706
2086	1707
2084	1707
2084	1708
2083	1708
2083	1709
2081	1709
2081	1710
2080	1710
2080	1711
2078	1711
2078	1712
2077	1712
2077	1713
2075	1713
2075	1714
2074	1714
2074	1715
2073	1715
2073	1716
2072	1716
2072	1717
2070	1717
2070	1718
2069	1718
2069	1719
2068	1719
2068	1720
2066	1720
2066	1721
2064	1721
2064	1722
2063	1722
2063	1723
2061	1723
2061	1724
2060	1724
2060	1725
2058	1725
2058	1726
2056	1726
2056	1727
2054	1727
2054	1728
2053	1728
2053	1729
2051	1729
2051	1730
2050	1730
2050	1731
2048	1731
2048	1732
2046	1732
2046	1733
2045	1733
2045	1734
2043	1734
2043	1735
2042	1735
2042	1736
2040	1736
2040	1737
2039	1737
2039	1738
2037	1738
2037	1739
2035	1739
2035	1740
2034	1740
2034	1741
2032	1741
2032	1742
2030	1742
2030	1743
2028	1743
2028	1744
2025	1744
2025	1745
2024	1745
2024	1746
2023	1746
2023	1747
2022	1747
2022	1748
2020	1748
2020	1749
2019	1749
2019	1750
2018	1750
2018	1751
2016	1751
2016	1752
2015	1752
2015	1753
2013	1753
2013	1754
2012	1754
2012	1755
2011	1755
2011	1756
2009	1756
2009	1757
2008	1757
2008	1758
2006	1758
2006	1759
2005	1759
2005	1760
2004	1760
2004	1761
2003	1761
2003	1762
2002	1762
2002	1763
2001	1763
2001	1764
2000	1764
2000	1765
1999	1765
1999	1766
1998	1766
1998	1767
1997	1767
1997	1768
1995	1768
1995	1769
1994	1769
1994	1770
1993	1770
1993	1771
1992	1771
1992	1772
1991	1772
1991	1773
1990	1773
1990	1774
1989	1774
1989	1775
1988	1775
1988	1776
1987	1776
1987	1777
1986	1777
1986	1778
1985	1778
1985	1779
1984	1779
1984	1780
1983	1780
1983	1781
1981	1781
1981	1782
1980	1782
1980	1783
1979	1783
1979	1784
1978	1784
1978	1785
1977	1785
1977	1786
1975	1786
1975	1787
1974	1787
1974	1788
1973	1788
1973	1789
1972	1789
1972	1790
1971	1790
1971	1791
1970	1791
1970	1792
1968	1792
1968	1793
1967	1793
1967	1794
1966	1794
1966	1795
1964	1795
1964	1796
1963	1796
1963	1797
1962	1797
1962	1798
1961	1798
1961	1799
1960	1799
1960	1800
1959	1800
1959	1801
1958	1801
1958	1802
1957	1802
1957	1803
1956	1803
1956	1804
1955	1804
1955	1805
1953	1805
1953	1806
1952	1806
1952	1807
1951	1807
1951	1808
1949	1808
1949	1809
1948	1809
1948	1810
1947	1810
1947	1811
1946	1811
1946	1812
1944	1812
1944	1813
1943	1813
1943	1814
1942	1814
1942	1815
1941	1815
1941	1816
1939	1816
1939	1817
1938	1817
1938	1818
1936	1818
1936	1819
1935	1819
1935	1820
1934	1820
1934	1821
1933	1821
1933	1822
1932	1822
1932	1823
1930	1823
1930	1824
1929	1824
1929	1825
1928	1825
1928	1826
1927	1826
1927	1827
1926	1827
1926	1828
1925	1828
1925	1829
1924	1829
1924	1830
1923	1830
1923	1831
1922	1831
1922	1832
1920	1832
1920	1833
1919	1833
1919	1834
1918	1834
1918	1835
1917	1835
1917	1836
1916	1836
1916	1837
1915	1837
1915	1838
1914	1838
1914	1839
1913	1839
1913	1840
1912	1840
1912	1841
1911	1841
1911	1842
1910	1842
1910	1843
1909	1843
1909	1844
1908	1844
1908	1846
1907	1846
1907	1847
1906	1847
1906	1848
1905	1848
1905	1850
1904	1850
1904	1851
1903	1851
1903	1852
1902	1852
1902	1853
1901	1853
1901	1854
1900	1854
1900	1855
1899	1855
1899	1856
1898	1856
1898	1858
1897	1858
1897	1859
1896	1859
1896	1860
1895	1860
1895	1861
1894	1861
1894	1862
1893	1862
1893	1863
1892	1863
1892	1864
1890	1864
1890	1865
1889	1865
1889	1866
1888	1866
1888	1867
1887	1867
1887	1868
1886	1868
1886	1869
1884	1869
1884	1870
1883	1870
1883	1871
1882	1871
1882	1872
1881	1872
1881	1873
1880	1873
1880	1874
1879	1874
1879	1875
1878	1875
1878	1876
1877	1876
1877	1877
1875	1877
1875	1878
1874	1878
1874	1879
1873	1879
1873	1880
1872	1880
1872	1881
1871	1881
1871	1882
1870	1882
1870	1883
1869	1883
1869	1884
1868	1884
1868	1885
1867	1885
1867	1886
1866	1886
1866	1888
1865	1888
1865	1889
1864	1889
1864	1890
1863	1890
1863	1891
1862	1891
1862	1892
1861	1892
1861	1893
1860	1893
1860	1894
1859	1894
1859	1895
1858	1895
1858	1896
1857	1896
1857	1897
1856	1897
1856	1898
1855	1898
1855	1899
1854	1899
1854	1900
1853	1900
1853	1901
1852	1901
1852	1902
1851	1902
1851	1903
1850	1903
1850	1904
1849	1904
1849	1905
1848	1905
1848	1906
1847	1906
1847	1907
1846	1907
1846	1908
1845	1908
1845	1909
1844	1909
1844	1910
1843	1910
1843	1911
1842	1911
1842	1912
1841	1912
1841	1913
1840	1913
1840	1914
1839	1914
1839	1915
1838	1915
1838	1916
1837	1916
1837	1917
1835	1917
1835	1918
1834	1918
1834	1919
1833	1919
1833	1920
1832	1920
1832	1921
1831	1921
1831	1923
1830	1923
1830	1924
1829	1924
1829	1925
1828	1925
1828	1926
1826	1926
1826	1927
1825	1927
1825	1928
1824	1928
1824	1929
1823	1929
1823	1930
1822	1930
1822	1931
1821	1931
1821	1933
1819	1933
1819	1934
1818	1934
1818	1935
1817	1935
1817	1936
1816	1936
1816	1937
1815	1937
1815	1938
1814	1938
1814	1939
1813	1939
1813	1941
1812	1941
1812	1942
1811	1942
1811	1943
1809	1943
1809	1944
1808	1944
1808	1945
1807	1945
1807	1946
1806	1946
1806	1947
1805	1947
1805	1948
1804	1948
1804	1950
1803	1950
1803	1951
1802	1951
1802	1952
1800	1952
1800	1954
1799	1954
1799	1955
1798	1955
1798	1956
1797	1956
1797	1957
1796	1957
1796	1958
1795	1958
1795	1959
1794	1959
1794	1961
1792	1961
1792	1962
1791	1962
1791	1963
1790	1963
1790	1964
1789	1964
1789	1966
1787	1966
1787	1968
1786	1968
1786	1969
1785	1969
1785	1970
1784	1970
1784	1971
1783	1971
1783	1972
1782	1972
1782	1973
1781	1973
1781	1974
1780	1974
1780	1975
1779	1975
1779	1976
1778	1976
1778	1977
1777	1977
1777	1978
1775	1978
1775	1979
1774	1979
1774	1980
1773	1980
1773	1981
1771	1981
1771	1982
1770	1982
1770	1983
1769	1983
1769	1984
1768	1984
1768	1985
1767	1985
1767	1986
1766	1986
1766	1987
1764	1987
1764	1988
1763	1988
1763	1989
1762	1989
1762	1990
1761	1990
1761	1991
1760	1991
1760	1992
1758	1992
1758	1993
1757	1993
1757	1994
1756	1994
1756	1995
1755	1995
1755	1996
1754	1996
1754	1997
1753	1997
1753	1998
1752	1998
1752	1999
1751	1999
1751	2000
1750	2000
1750	2001
1749	2001
1749	2002
1748	2002
1748	2003
1747	2003
1747	2004
1746	2004
1746	2005
1745	2005
1745	2006
1744	2006
1744	2007
1743	2007
1743	2008
1742	2008
1742	2009
1740	2009
1740	2010
1739	2010
1739	2011
1738	2011
1738	2012
1737	2012
1737	2013
1736	2013
1736	2014
1735	2014
1735	2015
1734	2015
1734	2017
1732	2017
1732	2018
1731	2018
1731	2019
1730	2019
1730	2020
1729	2020
1729	2021
1728	2021
1728	2022
1727	2022
1727	2024
1726	2024
1726	2025
1724	2025
1724	2026
1723	2026
1723	2027
1722	2027
1722	2028
1721	2028
1721	2030
1719	2030
1719	2031
1718	2031
1718	2032
1717	2032
1717	2033
1716	2033
1716	2034
1715	2034
1715	2035
1713	2035
1713	2036
1712	2036
1712	2037
1711	2037
1711	2038
1710	2038
1710	2039
1709	2039
1709	2041
1707	2041
1707	2042
1706	2042
1706	2043
1705	2043
1705	2044
1704	2044
1704	2046
1703	2046
1703	2047
1702	2047
1702	2048
1701	2048
1701	2049
1700	2049
1700	2050
1698	2050
1698	2051
1697	2051
1697	2052
1696	2052
1696	2053
1695	2053
1695	2054
1694	2054
1694	2055
1693	2055
1693	2056
1692	2056
1692	2057
1691	2057
1691	2058
1689	2058
1689	2059
1688	2059
1688	2060
1687	2060
1687	2061
1686	2061
1686	2063
1685	2063
1685	2064
1684	2064
1684	2065
1683	2065
1683	2066
1681	2066
1681	2067
1680	2067
1680	2068
1679	2068
1679	2069
1677	2069
1677	2070
1676	2070
1676	2071
1675	2071
1675	2072
1674	2072
1674	2073
1673	2073
1673	2074
1671	2074
1671	2075
1670	2075
1670	2076
1669	2076
1669	2077
1668	2077
1668	2078
1667	2078
1667	2079
1666	2079
1666	2080
1664	2080
1664	2081
1663	2081
1663	2082
1662	2082
1662	2083
1661	2083
1661	2084
1660	2084
1660	2085
1659	2085
1659	2086
1658	2086
1658	2087
1657	2087
1657	2088
1656	2088
1656	2089
1655	2089
1655	2090
1654	2090
1654	2091
1653	2091
1653	2092
1652	2092
1652	2093
1651	2093
1651	2094
1650	2094
1650	2095
1649	2095
1649	2096
1647	2096
1647	2097
1645	2097
1645	2098
1644	2098
1644	2099
1643	2099
1643	2100
1642	2100
1642	2101
1640	2101
1640	2102
1639	2102
1639	2103
1637	2103
1637	2104
1636	2104
1636	2105
1635	2105
1635	2106
1634	2106
1634	2107
1633	2107
1633	2108
1632	2108
1632	2109
1630	2109
1630	2110
1629	2110
1629	2111
1628	2111
1628	2112
1627	2112
1627	2113
1626	2113
1626	2114
1625	2114
1625	2115
1623	2115
1623	2116
1622	2116
1622	2117
1620	2117
1620	2118
1619	2118
1619	2119
1618	2119
1618	2120
1617	2120
1617	2121
1616	2121
1616	2122
1615	2122
1615	2123
1614	2123
1614	2124
1612	2124
1612	2125
1611	2125
1611	2126
1610	2126
1610	2127
1608	2127
1608	2131
1611	2131
1611	2127
1612	2127
1612	2128
1613	2128
1613	2130
1612	2130
1612	2131
1611	2131
1611	2132
1608	2132
1608	2133
1603	2133
1603	2134
1602	2134
1602	2135
1601	2135
1601	2136
1599	2136
1599	2137
1598	2137
1598	2138
1597	2138
1597	2139
1596	2139
1596	2140
1595	2140
1595	2141
1594	2141
1594	2143
1593	2143
1593	2144
1592	2144
1592	2146
1591	2146
1591	2148
1590	2148
1590	2150
1589	2150
1589	2149
1588	2149
1588	2152
1589	2152
1589	2153
1591	2153
1591	2152
1592	2152
1592	2153
1593	2153
1593	2154
1595	2154
1595	2155
1599	2155
1599	2156
1602	2156
1602	2157
1608	2157
1608	2158
1609	2158
1609	2159
1610	2159
1610	2160
1613	2160
1613	2161
1616	2161
1616	2162
1618	2162
1618	2163
1621	2163
1621	2164
1623	2164
1623	2165
1625	2165
1625	2166
1627	2166
1627	2167
1629	2167
1629	2168
1630	2168
1630	2169
1632	2169
1632	2170
1634	2170
1634	2171
1635	2171
1635	2172
1637	2172
1637	2173
1639	2173
1639	2174
1643	2174
1643	2175
1644	2175
1644	2176
1648	2176
1648	2177
1653	2177
1653	2178
1656	2178
1656	2179
1659	2179
1659	2180
1663	2180
1663	2181
1666	2181
1666	2182
1669	2182
1669	2183
1671	2183
1671	2184
1674	2184
1674	2185
1677	2185
1677	2186
1680	2186
1680	2187
1683	2187
1683	2188
1685	2188
1685	2189
1687	2189
1687	2190
1689	2190
1689	2191
1692	2191
1692	2192
1694	2192
1694	2193
1696	2193
1696	2194
1698	2194
1698	2195
1701	2195
1701	2196
1703	2196
1703	2197
1705	2197
1705	2198
1708	2198
1708	2199
1710	2199
1710	2200
1712	2200
1712	2201
1713	2201
1713	2202
1715	2202
1715	2203
1717	2203
1717	2204
1719	2204
1719	2205
1721	2205
1721	2206
1723	2206
1723	2207
1725	2207
1725	2208
1727	2208
1727	2209
1728	2209
1728	2210
1730	2210
1730	2211
1732	2211
1732	2212
1735	2212
1735	2213
1736	2213
1736	2214
1738	2214
1738	2215
1740	2215
1740	2216
1742	2216
1742	2217
1744	2217
1744	2218
1746	2218
1746	2219
1748	2219
1748	2220
1750	2220
1750	2221
1752	2221
1752	2222
1753	2222
1753	2223
1755	2223
1755	2224
1756	2224
1756	2225
1757	2225
1757	2226
1759	2226
1759	2227
1761	2227
1761	2228
1762	2228
1762	2229
1764	2229
1764	2230
1765	2230
1765	2231
1766	2231
1766	2232
1768	2232
1768	2233
1770	2233
1770	2234
1771	2234
1771	2235
1772	2235
1772	2236
1774	2236
1774	2237
1775	2237
1775	2238
1777	2238
1777	2239
1779	2239
1779	2240
1780	2240
1780	2241
1782	2241
1782	2242
1784	2242
1784	2243
1786	2243
1786	2244
1788	2244
1788	2245
1789	2245
1789	2246
1791	2246
1791	2247
1792	2247
1792	2248
1794	2248
1794	2249
1796	2249
1796	2250
1797	2250
1797	2251
1799	2251
1799	2252
1800	2252
1800	2253
1802	2253
1802	2254
1803	2254
1803	2255
1805	2255
1805	2256
1807	2256
1807	2257
1808	2257
1808	2258
1811	2258
1811	2259
1813	2259
1813	2260
1815	2260
1815	2261
1816	2261
1816	2262
1820	2262
1820	2263
1822	2263
1822	2264
1824	2264
1824	2265
1826	2265
1826	2266
1829	2266
1829	2267
1831	2267
1831	2268
1833	2268
1833	2269
1834	2269
1834	2270
1836	2270
1836	2271
1838	2271
1838	2272
1840	2272
1840	2273
1842	2273
1842	2274
1843	2274
1843	2275
1845	2275
1845	2276
1846	2276
1846	2277
1848	2277
1848	2278
1849	2278
1849	2279
1850	2279
1850	2280
1852	2280
1852	2281
1853	2281
1853	2282
1855	2282
1855	2283
1856	2283
1856	2284
1858	2284
1858	2285
1859	2285
1859	2286
1860	2286
1860	2287
1861	2287
1861	2288
1863	2288
1863	2289
1864	2289
1864	2290
1865	2290
1865	2291
1866	2291
1866	2292
1868	2292
1868	2293
1870	2293
1870	2294
1871	2294
1871	2295
1873	2295
1873	2296
1874	2296
1874	2297
1876	2297
1876	2298
1878	2298
1878	2299
1880	2299
1880	2300
1881	2300
1881	2301
1882	2301
1882	2302
1884	2302
1884	2303
1885	2303
1885	2304
1887	2304
1887	2305
1888	2305
1888	2306
1889	2306
1889	2307
1890	2307
1890	2308
1891	2308
1891	2309
1893	2309
1893	2310
1894	2310
1894	2311
1895	2311
1895	2312
1896	2312
1896	2313
1897	2313
1897	2314
1898	2314
1898	2315
1899	2315
1899	2316
1901	2316
1901	2317
1902	2317
1902	2318
1903	2318
1903	2319
1905	2319
1905	2320
1906	2320
1906	2321
1907	2321
1907	2322
1908	2322
1908	2323
1909	2323
1909	2324
1910	2324
1910	2325
1911	2325
1911	2326
1913	2326
1913	2327
1914	2327
1914	2328
1915	2328
1915	2329
1916	2329
1916	2330
1917	2330
1917	2331
1918	2331
1918	2332
1920	2332
1920	2333
1921	2333
1921	2334
1922	2334
1922	2335
1923	2335
1923	2336
1924	2336
1924	2337
1925	2337
1925	2338
1927	2338
1927	2339
1928	2339
1928	2340
1929	2340
1929	2341
1931	2341
1931	2343
1933	2343
1933	2344
1934	2344
1934	2345
1935	2345
1935	2346
1936	2346
1936	2347
1937	2347
1937	2348
1938	2348
1938	2349
1939	2349
1939	2350
1940	2350
1940	2351
1941	2351
1941	2352
1942	2352
1942	2353
1943	2353
1943	2354
1944	2354
1944	2355
1945	2355
1945	2356
1947	2356
1947	2357
1948	2357
1948	2358
1949	2358
1949	2359
1950	2359
1950	2360
1951	2360
1951	2361
1952	2361
1952	2362
1954	2362
1954	2363
1955	2363
1955	2364
1956	2364
1956	2365
1958	2365
1958	2367
1959	2367
1959	2368
1961	2368
1961	2369
1962	2369
1962	2370
1963	2370
1963	2371
1964	2371
1964	2372
1965	2372
1965	2373
1966	2373
1966	2374
1967	2374
1967	2375
1969	2375
1969	2376
1970	2376
1970	2377
1972	2377
1972	2378
1973	2378
1973	2379
1974	2379
1974	2380
1975	2380
1975	2381
1976	2381
1976	2382
1978	2382
1978	2383
1979	2383
1979	2384
1980	2384
1980	2385
1981	2385
1981	2386
1982	2386
1982	2387
1983	2387
1983	2388
1984	2388
1984	2389
1986	2389
1986	2390
1987	2390
1987	2391
1988	2391
1988	2392
1989	2392
1989	2393
1990	2393
1990	2394
1991	2394
1991	2395
1992	2395
1992	2396
1993	2396
1993	2397
1994	2397
1994	2398
1995	2398
1995	2399
1996	2399
1996	2400
1997	2400
1997	2401
1998	2401
1998	2402
1999	2402
1999	2403
2000	2403
2000	2404
2001	2404
2001	2405
2002	2405
2002	2406
2003	2406
2003	2407
2004	2407
2004	2408
2005	2408
2005	2409
2006	2409
2006	2410
2007	2410
2007	2411
2008	2411
2008	2412
2009	2412
2009	2413
2010	2413
2010	2414
2012	2414
2012	2416
2013	2416
2013	2417
2015	2417
2015	2418
2016	2418
2016	2419
2017	2419
2017	2420
2018	2420
2018	2421
2019	2421
2019	2422
2020	2422
2020	2423
2021	2423
2021	2424
2023	2424
2023	2425
2024	2425
2024	2426
2025	2426
2025	2427
2026	2427
2026	2428
2027	2428
2027	2429
2029	2429
2029	2430
2030	2430
2030	2431
2031	2431
2031	2432
2032	2432
2032	2433
2034	2433
2034	2434
2035	2434
2035	2435
2036	2435
2036	2436
2037	2436
2037	2437
2038	2437
2038	2438
2040	2438
2040	2439
2041	2439
2041	2440
2042	2440
2042	2441
2043	2441
2043	2442
2044	2442
2044	2443
2045	2443
2045	2444
2046	2444
2046	2445
2047	2445
2047	2446
2048	2446
2048	2447
2050	2447
2050	2448
2051	2448
2051	2449
2052	2449
2052	2450
2053	2450
2053	2452
2055	2452
2055	2453
2056	2453
2056	2454
2057	2454
2057	2455
2058	2455
2058	2456
2059	2456
2059	2457
2060	2457
2060	2458
2061	2458
2061	2459
2062	2459
2062	2460
2063	2460
2063	2461
2064	2461
2064	2463
2066	2463
2066	2464
2067	2464
2067	2466
2068	2466
2068	2467
2069	2467
2069	2468
2070	2468
2070	2470
2071	2470
2071	2471
2072	2471
2072	2473
2073	2473
2073	2474
2074	2474
2074	2475
2075	2475
2075	2477
2076	2477
2076	2478
2077	2478
2077	2480
2078	2480
2078	2481
2079	2481
2079	2483
2080	2483
2080	2485
2081	2485
2081	2486
2082	2486
2082	2487
2083	2487
2083	2489
2084	2489
2084	2491
2085	2491
2085	2492
2086	2492
2086	2493
2087	2493
2087	2495
2088	2495
2088	2497
2089	2497
2089	2499
2090	2499
2090	2501
2091	2501
2091	2503
2092	2503
2092	2504
2093	2504
2093	2507
2094	2507
2094	2509
2095	2509
2095	2512
2096	2512
2096	2515
2097	2515
2097	2518
2098	2518
2098	2522
2099	2522
2099	2527
2100	2527
2100	2528
2099	2528
2099	2533
2098	2533
2098	2538
2097	2538
2097	2539
2096	2539
2096	2538
2095	2538
2095	2537
2094	2537
2094	2536
2092	2536
2092	2534
2091	2534
2091	2537
2092	2537
2092	2538
2093	2538
2093	2539
2092	2539
2092	2540
2082	2540
2082	2539
2079	2539
2079	2538
2077	2538
2077	2537
2074	2537
2074	2536
2072	2536
2072	2535
2071	2535
2071	2534
2068	2534
2068	2533
2067	2533
2067	2532
2065	2532
2065	2531
2063	2531
2063	2530
2061	2530
2061	2529
2059	2529
2059	2528
2057	2528
2057	2527
2055	2527
2055	2526
2054	2526
2054	2525
2052	2525
2052	2524
2051	2524
2051	2523
2049	2523
2049	2522
2047	2522
2047	2521
2046	2521
2046	2520
2044	2520
2044	2519
2042	2519
2042	2518
2041	2518
2041	2517
2039	2517
2039	2516
2038	2516
2038	2515
2036	2515
2036	2514
2034	2514
2034	2513
2033	2513
2033	2512
2031	2512
2031	2511
2029	2511
2029	2510
2027	2510
2027	2509
2026	2509
2026	2508
2024	2508
2024	2507
2022	2507
2022	2506
2020	2506
2020	2505
2019	2505
2019	2504
2017	2504
2017	2503
2015	2503
2015	2502
2014	2502
2014	2501
2012	2501
2012	2500
2011	2500
2011	2499
2009	2499
2009	2498
2008	2498
2008	2497
2007	2497
2007	2496
2005	2496
2005	2495
2004	2495
2004	2494
2003	2494
2003	2493
2002	2493
2002	2492
2001	2492
2001	2491
2000	2491
2000	2490
1998	2490
1998	2489
1997	2489
1997	2488
1996	2488
1996	2487
1994	2487
1994	2486
1993	2486
1993	2485
1992	2485
1992	2484
1991	2484
1991	2483
1990	2483
1990	2482
1989	2482
1989	2481
1988	2481
1988	2480
1986	2480
1986	2479
1985	2479
1985	2478
1984	2478
1984	2477
1983	2477
1983	2476
1982	2476
1982	2475
1980	2475
1980	2474
1979	2474
1979	2473
1978	2473
1978	2472
1977	2472
1977	2471
1976	2471
1976	2470
1975	2470
1975	2469
1974	2469
1974	2468
1973	2468
1973	2467
1972	2467
1972	2466
1971	2466
1971	2465
1970	2465
1970	2464
1969	2464
1969	2463
1968	2463
1968	2462
1966	2462
1966	2461
1965	2461
1965	2460
1963	2460
1963	2459
1960	2459
1960	2458
1959	2458
1959	2457
1957	2457
1957	2456
1956	2456
1956	2455
1953	2455
1953	2454
1951	2454
1951	2453
1950	2453
1950	2452
1948	2452
1948	2451
1946	2451
1946	2450
1944	2450
1944	2449
1942	2449
1942	2448
1940	2448
1940	2447
1939	2447
1939	2446
1938	2446
1938	2445
1936	2445
1936	2444
1934	2444
1934	2443
1933	2443
1933	2442
1932	2442
1932	2441
1930	2441
1930	2440
1928	2440
1928	2439
1927	2439
1927	2438
1925	2438
1925	2437
1924	2437
1924	2436
1923	2436
1923	2435
1922	2435
1922	2434
1921	2434
1921	2433
1920	2433
1920	2432
1919	2432
1919	2431
1917	2431
1917	2430
1916	2430
1916	2429
1914	2429
1914	2428
1911	2428
1911	2427
1908	2427
1908	2426
1906	2426
1906	2425
1903	2425
1903	2424
1901	2424
1901	2423
1898	2423
1898	2422
1896	2422
1896	2421
1894	2421
1894	2420
1892	2420
1892	2419
1890	2419
1890	2418
1889	2418
1889	2417
1888	2417
1888	2416
1886	2416
1886	2415
1885	2415
1885	2414
1883	2414
1883	2413
1882	2413
1882	2412
1880	2412
1880	2411
1879	2411
1879	2410
1877	2410
1877	2409
1875	2409
1875	2408
1873	2408
1873	2407
1871	2407
1871	2406
1869	2406
1869	2405
1867	2405
1867	2404
1865	2404
1865	2403
1864	2403
1864	2402
1862	2402
1862	2401
1860	2401
1860	2400
1858	2400
1858	2399
1856	2399
1856	2398
1854	2398
1854	2397
1852	2397
1852	2396
1850	2396
1850	2395
1849	2395
1849	2394
1848	2394
1848	2393
1846	2393
1846	2392
1844	2392
1844	2391
1843	2391
1843	2390
1841	2390
1841	2389
1839	2389
1839	2388
1838	2388
1838	2387
1836	2387
1836	2386
1834	2386
1834	2385
1832	2385
1832	2384
1831	2384
1831	2383
1830	2383
1830	2382
1828	2382
1828	2381
1827	2381
1827	2380
1825	2380
1825	2379
1823	2379
1823	2378
1822	2378
1822	2377
1821	2377
1821	2376
1819	2376
1819	2375
1817	2375
1817	2374
1816	2374
1816	2373
1814	2373
1814	2372
1813	2372
1813	2371
1812	2371
1812	2370
1810	2370
1810	2369
1809	2369
1809	2368
1808	2368
1808	2367
1807	2367
1807	2366
1805	2366
1805	2365
1804	2365
1804	2363
1802	2363
1802	2362
1801	2362
1801	2361
1800	2361
1800	2360
1799	2360
1799	2359
1797	2359
1797	2358
1796	2358
1796	2357
1794	2357
1794	2356
1793	2356
1793	2355
1791	2355
1791	2354
1790	2354
1790	2353
1789	2353
1789	2352
1788	2352
1788	2351
1786	2351
1786	2350
1785	2350
1785	2349
1784	2349
1784	2348
1783	2348
1783	2347
1782	2347
1782	2346
1781	2346
1781	2345
1779	2345
1779	2344
1778	2344
1778	2343
1777	2343
1777	2342
1775	2342
1775	2341
1774	2341
1774	2340
1773	2340
1773	2339
1772	2339
1772	2338
1771	2338
1771	2337
1769	2337
1769	2336
1768	2336
1768	2335
1766	2335
1766	2334
1765	2334
1765	2333
1763	2333
1763	2332
1762	2332
1762	2331
1761	2331
1761	2330
1760	2330
1760	2329
1758	2329
1758	2328
1757	2328
1757	2327
1755	2327
1755	2326
1754	2326
1754	2325
1753	2325
1753	2324
1752	2324
1752	2323
1751	2323
1751	2322
1749	2322
1749	2321
1748	2321
1748	2320
1746	2320
1746	2319
1745	2319
1745	2318
1744	2318
1744	2317
1743	2317
1743	2316
1742	2316
1742	2315
1741	2315
1741	2314
1739	2314
1739	2312
1738	2312
1738	2311
1736	2311
1736	2310
1735	2310
1735	2309
1733	2309
1733	2308
1731	2308
1731	2307
1729	2307
1729	2306
1727	2306
1727	2305
1725	2305
1725	2304
1724	2304
1724	2303
1722	2303
1722	2302
1720	2302
1720	2301
1718	2301
1718	2300
1717	2300
1717	2299
1715	2299
1715	2298
1713	2298
1713	2297
1711	2297
1711	2296
1709	2296
1709	2295
1705	2295
1705	2294
1703	2294
1703	2293
1699	2293
1699	2292
1696	2292
1696	2291
1693	2291
1693	2290
1689	2290
1689	2289
1687	2289
1687	2288
1684	2288
1684	2287
1680	2287
1680	2286
1679	2286
1679	2285
1677	2285
1677	2284
1674	2284
1674	2283
1672	2283
1672	2282
1670	2282
1670	2281
1668	2281
1668	2280
1666	2280
1666	2279
1664	2279
1664	2278
1663	2278
1663	2277
1661	2277
1661	2276
1659	2276
1659	2275
1657	2275
1657	2274
1656	2274
1656	2273
1654	2273
1654	2272
1652	2272
1652	2271
1650	2271
1650	2270
1647	2270
1647	2269
1645	2269
1645	2268
1644	2268
1644	2267
1643	2267
1643	2266
1642	2266
1642	2265
1640	2265
1640	2264
1639	2264
1639	2263
1637	2263
1637	2262
1636	2262
1636	2261
1635	2261
1635	2260
1633	2260
1633	2259
1631	2259
1631	2258
1630	2258
1630	2257
1629	2257
1629	2256
1627	2256
1627	2255
1626	2255
1626	2254
1625	2254
1625	2253
1623	2253
1623	2252
1621	2252
1621	2251
1620	2251
1620	2250
1619	2250
1619	2249
1617	2249
1617	2248
1616	2248
1616	2247
1615	2247
1615	2246
1614	2246
1614	2245
1612	2245
1612	2244
1611	2244
1611	2243
1610	2243
1610	2242
1609	2242
1609	2241
1607	2241
1607	2240
1605	2240
1605	2239
1604	2239
1604	2238
1602	2238
1602	2237
1601	2237
1601	2236
1600	2236
1600	2235
1598	2235
1598	2234
1596	2234
1596	2233
1595	2233
1595	2232
1594	2232
1594	2231
1592	2231
1592	2230
1591	2230
1591	2229
1590	2229
1590	2228
1588	2228
1588	2227
1587	2227
1587	2226
1586	2226
1586	2225
1585	2225
1585	2224
1584	2224
1584	2223
1583	2223
1583	2222
1582	2222
1582	2221
1580	2221
1580	2220
1579	2220
1579	2219
1577	2219
1577	2218
1572	2218
1572	2217
1568	2217
1568	2216
1567	2216
1567	2215
1566	2215
1566	2213
1565	2213
1565	2212
1564	2212
1564	2211
1563	2211
1563	2210
1562	2210
1562	2209
1561	2209
1561	2207
1560	2207
1560	2205
1559	2205
1559	2203
1558	2203
1558	2202
1557	2202
1557	2201
1556	2201
1556	2200
1554	2200
1554	2199
1553	2199
1553	2198
1552	2198
1552	2197
1551	2197
1551	2196
1550	2196
1550	2195
1549	2195
1549	2194
1548	2194
1548	2193
1546	2193
1546	2192
1545	2192
1545	2191
1543	2191
1543	2190
1542	2190
1542	2189
1541	2189
1541	2188
1540	2188
1540	2187
1538	2187
1538	2186
1537	2186
1537	2185
1536	2185
1536	2184
1535	2184
1535	2183
1533	2183
1533	2182
1531	2182
1531	2199
1532	2199
1532	2211
1531	2211
1531	2213
1526	2213
1526	2214
1518	2214
1518	2213
1517	2213
1517	2209
1516	2209
1516	2202
1515	2202
1515	2195
1514	2195
1514	2190
1513	2190
1513	2186
1512	2186
1512	2182
1511	2182
1511	2180
1508	2180
1508	2181
1507	2181
1507	2182
1506	2182
1506	2183
1505	2183
1505	2184
1503	2184
1503	2185
1502	2185
1502	2187
1501	2187
1501	2188
1500	2188
1500	2189
1499	2189
1499	2190
1498	2190
1498	2191
1497	2191
1497	2192
1496	2192
1496	2193
1494	2193
1494	2194
1493	2194
1493	2195
1492	2195
1492	2196
1491	2196
1491	2197
1489	2197
1489	2198
1488	2198
1488	2199
1487	2199
1487	2200
1485	2200
1485	2201
1484	2201
1484	2202
1483	2202
1483	2203
1482	2203
1482	2204
1481	2204
1481	2205
1479	2205
1479	2206
1469	2206
1469	2207
1468	2207
1468	2208
1467	2208
1467	2209
1466	2209
1466	2210
1465	2210
1465	2211
1464	2211
1464	2212
1462	2212
1462	2213
1460	2213
1460	2214
1458	2214
1458	2215
1456	2215
1456	2216
1455	2216
1455	2217
1453	2217
1453	2218
1451	2218
1451	2219
1449	2219
1449	2220
1448	2220
1448	2222
1447	2222
1447	2223
1445	2223
1445	2224
1444	2224
1444	2225
1442	2225
1442	2226
1441	2226
1441	2227
1440	2227
1440	2228
1438	2228
1438	2229
1436	2229
1436	2230
1435	2230
1435	2231
1433	2231
1433	2232
1432	2232
1432	2233
1431	2233
1431	2234
1429	2234
1429	2235
1428	2235
1428	2236
1427	2236
1427	2237
1425	2237
1425	2238
1424	2238
1424	2239
1423	2239
1423	2240
1421	2240
1421	2241
1420	2241
1420	2242
1418	2242
1418	2243
1417	2243
1417	2244
1415	2244
1415	2245
1413	2245
1413	2246
1412	2246
1412	2247
1410	2247
1410	2248
1408	2248
1408	2249
1406	2249
1406	2250
1405	2250
1405	2251
1404	2251
1404	2252
1402	2252
1402	2253
1400	2253
1400	2254
1398	2254
1398	2255
1396	2255
1396	2256
1395	2256
1395	2257
1393	2257
1393	2258
1391	2258
1391	2259
1389	2259
1389	2260
1387	2260
1387	2261
1385	2261
1385	2262
1382	2262
1382	2263
1381	2263
1381	2264
1379	2264
1379	2265
1377	2265
1377	2266
1375	2266
1375	2267
1372	2267
1372	2268
1369	2268
1369	2269
1366	2269
1366	2270
1363	2270
1363	2271
1360	2271
1360	2272
1357	2272
1357	2273
1355	2273
1355	2274
1353	2274
1353	2275
1351	2275
1351	2276
1348	2276
1348	2277
1345	2277
1345	2278
1343	2278
1343	2279
1340	2279
1340	2280
1339	2280
1339	2281
1337	2281
1337	2282
1336	2282
1336	2283
1334	2283
1334	2284
1331	2284
1331	2285
1329	2285
1329	2286
1327	2286
1327	2287
1324	2287
1324	2288
1322	2288
1322	2289
1321	2289
1321	2290
1319	2290
1319	2291
1317	2291
1317	2292
1316	2292
1316	2293
1314	2293
1314	2294
1312	2294
1312	2295
1309	2295
1309	2296
1306	2296
1306	2297
1303	2297
1303	2298
1302	2298
1302	2299
1299	2299
1299	2300
1297	2300
1297	2301
1294	2301
1294	2302
1292	2302
1292	2303
1288	2303
1288	2304
1285	2304
1285	2305
1281	2305
1281	2306
1278	2306
1278	2307
1275	2307
1275	2308
1272	2308
1272	2309
1269	2309
1269	2310
1266	2310
1266	2311
1262	2311
1262	2312
1258	2312
1258	2313
1255	2313
1255	2314
1253	2314
1253	2315
1250	2315
1250	2316
1248	2316
1248	2317
1246	2317
1246	2318
1244	2318
1244	2319
1242	2319
1242	2320
1239	2320
1239	2321
1237	2321
1237	2322
1235	2322
1235	2323
1233	2323
1233	2324
1231	2324
1231	2325
1228	2325
1228	2326
1226	2326
1226	2327
1224	2327
1224	2328
1221	2328
1221	2329
1219	2329
1219	2330
1217	2330
1217	2331
1214	2331
1214	2332
1212	2332
1212	2333
1210	2333
1210	2334
1208	2334
1208	2335
1206	2335
1206	2336
1203	2336
1203	2337
1201	2337
1201	2338
1199	2338
1199	2339
1196	2339
1196	2340
1193	2340
1193	2341
1189	2341
1189	2342
1186	2342
1186	2343
1182	2343
1182	2344
1179	2344
1179	2345
1178	2345
1178	2346
1176	2346
1176	2347
1174	2347
1174	2348
1173	2348
1173	2349
1171	2349
1171	2350
1169	2350
1169	2351
1168	2351
1168	2352
1166	2352
1166	2353
1164	2353
1164	2354
1162	2354
1162	2355
1161	2355
1161	2356
1159	2356
1159	2357
1157	2357
1157	2358
1155	2358
1155	2359
1153	2359
1153	2360
1152	2360
1152	2361
1150	2361
1150	2362
1149	2362
1149	2363
1146	2363
1146	2364
1145	2364
1145	2365
1144	2365
1144	2366
1142	2366
1142	2367
1141	2367
1141	2368
1139	2368
1139	2369
1138	2369
1138	2370
1136	2370
1136	2371
1135	2371
1135	2372
1133	2372
1133	2373
1132	2373
1132	2374
1131	2374
1131	2375
1128	2375
1128	2376
1127	2376
1127	2377
1126	2377
1126	2378
1124	2378
1124	2379
1123	2379
1123	2380
1120	2380
1120	2381
1118	2381
1118	2382
1117	2382
1117	2383
1115	2383
1115	2384
1114	2384
1114	2385
1112	2385
1112	2386
1110	2386
1110	2387
1108	2387
1108	2388
1107	2388
1107	2389
1105	2389
1105	2390
1103	2390
1103	2391
1101	2391
1101	2392
1099	2392
1099	2393
1096	2393
1096	2394
1094	2394
1094	2395
1092	2395
1092	2396
1089	2396
1089	2397
1088	2397
1088	2398
1085	2398
1085	2399
1083	2399
1083	2400
1081	2400
1081	2401
1080	2401
1080	2402
1077	2402
1077	2403
1075	2403
1075	2404
1072	2404
1072	2405
1070	2405
1070	2406
1068	2406
1068	2407
1066	2407
1066	2408
1064	2408
1064	2409
1061	2409
1061	2410
1059	2410
1059	2411
1057	2411
1057	2412
1055	2412
1055	2413
1053	2413
1053	2414
1052	2414
1052	2415
1050	2415
1050	2416
1048	2416
1048	2417
1046	2417
1046	2418
1044	2418
1044	2419
1042	2419
1042	2420
1041	2420
1041	2421
1039	2421
1039	2422
1037	2422
1037	2423
1036	2423
1036	2424
1034	2424
1034	2425
1032	2425
1032	2426
1031	2426
1031	2427
1029	2427
1029	2428
1028	2428
1028	2429
1026	2429
1026	2430
1025	2430
1025	2431
1023	2431
1023	2432
1022	2432
1022	2433
1021	2433
1021	2434
1019	2434
1019	2435
1018	2435
1018	2436
1017	2436
1017	2437
1015	2437
1015	2438
1013	2438
1013	2439
1012	2439
1012	2440
1011	2440
1011	2441
1009	2441
1009	2442
1007	2442
1007	2443
1006	2443
1006	2444
1004	2444
1004	2445
1003	2445
1003	2446
1002	2446
1002	2447
1001	2447
1001	2448
1000	2448
1000	2449
998	2449
998	2450
997	2450
997	2451
996	2451
996	2452
994	2452
994	2453
992	2453
992	2454
991	2454
991	2455
990	2455
990	2456
989	2456
989	2457
987	2457
987	2458
986	2458
986	2459
985	2459
985	2460
983	2460
983	2461
982	2461
982	2462
980	2462
980	2463
979	2463
979	2464
978	2464
978	2465
976	2465
976	2466
975	2466
975	2467
974	2467
974	2468
973	2468
973	2469
972	2469
972	2470
970	2470
970	2471
968	2471
968	2472
966	2472
966	2473
964	2473
964	2474
962	2474
962	2475
960	2475
960	2476
959	2476
959	2477
957	2477
957	2478
956	2478
956	2479
955	2479
955	2480
953	2480
953	2481
951	2481
951	2482
950	2482
950	2483
948	2483
948	2484
947	2484
947	2485
945	2485
945	2486
943	2486
943	2487
941	2487
941	2488
940	2488
940	2489
938	2489
938	2490
936	2490
936	2491
935	2491
935	2492
934	2492
934	2493
932	2493
932	2494
931	2494
931	2495
930	2495
930	2496
929	2496
929	2497
927	2497
927	2498
925	2498
925	2499
923	2499
923	2500
921	2500
921	2501
920	2501
920	2502
918	2502
918	2503
915	2503
915	2504
913	2504
913	2505
912	2505
912	2506
911	2506
911	2507
909	2507
909	2508
907	2508
907	2509
905	2509
905	2510
903	2510
903	2511
901	2511
901	2512
899	2512
899	2513
897	2513
897	2514
895	2514
895	2515
893	2515
893	2516
890	2516
890	2517
888	2517
888	2518
887	2518
887	2519
885	2519
885	2520
884	2520
884	2521
882	2521
882	2522
880	2522
880	2523
878	2523
878	2524
876	2524
876	2525
875	2525
875	2526
873	2526
873	2527
872	2527
872	2528
869	2528
869	2529
868	2529
868	2530
865	2530
865	2531
862	2531
862	2532
859	2532
859	2533
856	2533
856	2534
852	2534
852	2535
848	2535
848	2536
839	2536
839	2535
837	2535
837	2534
835	2534
835	2533
834	2533
834	2531
835	2531
835	2529
832	2529
832	2531
831	2531
831	2532
829	2532
829	2530
828	2530
828	2527
827	2527
827	2521
828	2521
828	2514
829	2514
829	2511
830	2511
830	2508
831	2508
831	2506
832	2506
832	2505
833	2505
833	2503
834	2503
834	2501
835	2501
835	2499
836	2499
836	2497
837	2497
837	2495
838	2495
838	2494
839	2494
839	2493
840	2493
840	2491
841	2491
841	2490
842	2490
842	2489
843	2489
843	2487
844	2487
844	2486
845	2486
845	2485
846	2485
846	2483
847	2483
847	2482
848	2482
848	2481
849	2481
849	2480
850	2480
850	2479
851	2479
851	2478
852	2478
852	2477
853	2477
853	2475
854	2475
854	2474
855	2474
855	2473
856	2473
856	2472
857	2472
857	2471
858	2471
858	2470
859	2470
859	2469
860	2469
860	2467
861	2467
861	2466
862	2466
862	2465
863	2465
863	2464
864	2464
864	2463
865	2463
865	2462
867	2462
867	2461
868	2461
868	2460
869	2460
869	2459
870	2459
870	2458
871	2458
871	2457
872	2457
872	2456
873	2456
873	2455
874	2455
874	2454
875	2454
875	2452
876	2452
876	2451
877	2451
877	2450
878	2450
878	2449
879	2449
879	2448
880	2448
880	2447
881	2447
881	2446
882	2446
882	2445
883	2445
883	2444
885	2444
885	2442
886	2442
886	2441
888	2441
888	2440
889	2440
889	2439
890	2439
890	2438
891	2438
891	2437
893	2437
893	2436
894	2436
894	2435
895	2435
895	2433
897	2433
897	2432
898	2432
898	2431
899	2431
899	2430
901	2430
901	2429
902	2429
902	2428
903	2428
903	2427
905	2427
905	2426
906	2426
906	2425
907	2425
907	2424
909	2424
909	2423
910	2423
910	2422
912	2422
912	2421
913	2421
913	2419
914	2419
914	2418
915	2418
915	2417
916	2417
916	2416
918	2416
918	2415
919	2415
919	2414
920	2414
920	2413
921	2413
921	2412
922	2412
922	2411
923	2411
923	2410
924	2410
924	2409
926	2409
926	2408
927	2408
927	2407
928	2407
928	2406
929	2406
929	2405
930	2405
930	2404
931	2404
931	2403
932	2403
932	2402
933	2402
933	2401
935	2401
935	2400
936	2400
936	2398
937	2398
937	2397
938	2397
938	2396
939	2396
939	2395
940	2395
940	2394
941	2394
941	2393
942	2393
942	2392
943	2392
943	2391
944	2391
944	2390
945	2390
945	2389
946	2389
946	2387
947	2387
947	2386
948	2386
948	2385
949	2385
949	2384
950	2384
950	2383
952	2383
952	2381
953	2381
953	2380
955	2380
955	2379
956	2379
956	2378
957	2378
957	2377
958	2377
958	2376
960	2376
960	2375
961	2375
961	2374
963	2374
963	2373
964	2373
964	2372
965	2372
965	2371
967	2371
967	2370
969	2370
969	2369
970	2369
970	2368
972	2368
972	2367
973	2367
973	2366
974	2366
974	2365
976	2365
976	2364
978	2364
978	2363
979	2363
979	2362
981	2362
981	2361
983	2361
983	2360
984	2360
984	2359
986	2359
986	2358
988	2358
988	2357
990	2357
990	2356
992	2356
992	2355
994	2355
994	2354
996	2354
996	2353
997	2353
997	2352
999	2352
999	2351
1000	2351
1000	2350
1002	2350
1002	2349
1004	2349
1004	2348
1005	2348
1005	2347
1006	2347
1006	2346
1007	2346
1007	2345
1009	2345
1009	2344
1010	2344
1010	2343
1012	2343
1012	2342
1013	2342
1013	2341
1014	2341
1014	2340
1015	2340
1015	2339
1017	2339
1017	2338
1018	2338
1018	2337
1020	2337
1020	2336
1021	2336
1021	2335
1023	2335
1023	2334
1024	2334
1024	2333
1025	2333
1025	2332
1026	2332
1026	2331
1027	2331
1027	2330
1028	2330
1028	2329
1029	2329
1029	2328
1030	2328
1030	2327
1032	2327
1032	2326
1033	2326
1033	2325
1034	2325
1034	2324
1035	2324
1035	2323
1037	2323
1037	2322
1038	2322
1038	2321
1039	2321
1039	2320
1040	2320
1040	2319
1041	2319
1041	2318
1043	2318
1043	2317
1044	2317
1044	2316
1046	2316
1046	2315
1047	2315
1047	2314
1048	2314
1048	2313
1049	2313
1049	2312
1050	2312
1050	2311
1051	2311
1051	2310
1053	2310
1053	2309
1054	2309
1054	2308
1056	2308
1056	2307
1057	2307
1057	2306
1058	2306
1058	2305
1060	2305
1060	2304
1062	2304
1062	2303
1063	2303
1063	2302
1065	2302
1065	2301
1066	2301
1066	2300
1067	2300
1067	2299
1069	2299
1069	2298
1070	2298
1070	2297
1072	2297
1072	2296
1073	2296
1073	2295
1075	2295
1075	2294
1076	2294
1076	2293
1078	2293
1078	2292
1080	2292
1080	2291
1082	2291
1082	2290
1083	2290
1083	2289
1085	2289
1085	2288
1087	2288
1087	2287
1089	2287
1089	2286
1091	2286
1091	2285
1092	2285
1092	2284
1094	2284
1094	2283
1096	2283
1096	2282
1098	2282
1098	2281
1099	2281
1099	2280
1101	2280
1101	2279
1103	2279
1103	2278
1105	2278
1105	2277
1107	2277
1107	2276
1109	2276
1109	2275
1111	2275
1111	2274
1112	2274
1112	2273
1114	2273
1114	2272
1116	2272
1116	2271
1118	2271
1118	2270
1120	2270
1120	2269
1123	2269
1123	2268
1124	2268
1124	2267
1127	2267
1127	2266
1129	2266
1129	2265
1131	2265
1131	2264
1132	2264
1132	2263
1134	2263
1134	2262
1135	2262
1135	2261
1137	2261
1137	2260
1140	2260
1140	2259
1141	2259
1141	2258
1142	2258
1142	2257
1144	2257
1144	2256
1147	2256
1147	2255
1149	2255
1149	2254
1151	2254
1151	2253
1153	2253
1153	2252
1156	2252
1156	2251
1158	2251
1158	2250
1160	2250
1160	2249
1161	2249
1161	2248
1163	2248
1163	2247
1165	2247
1165	2246
1166	2246
1166	2245
1168	2245
1168	2244
1170	2244
1170	2243
1171	2243
1171	2242
1173	2242
1173	2241
1175	2241
1175	2240
1177	2240
1177	2239
1178	2239
1178	2238
1181	2238
1181	2237
1183	2237
1183	2236
1185	2236
1185	2235
1187	2235
1187	2234
1189	2234
1189	2233
1191	2233
1191	2232
1193	2232
1193	2231
1194	2231
1194	2230
1196	2230
1196	2229
1198	2229
1198	2228
1199	2228
1199	2227
1201	2227
1201	2226
1202	2226
1202	2225
1204	2225
1204	2224
1205	2224
1205	2223
1206	2223
1206	2222
1208	2222
1208	2221
1210	2221
1210	2220
1212	2220
1212	2219
1214	2219
1214	2218
1216	2218
1216	2217
1218	2217
1218	2216
1220	2216
1220	2215
1221	2215
1221	2214
1223	2214
1223	2213
1225	2213
1225	2212
1227	2212
1227	2211
1229	2211
1229	2210
1231	2210
1231	2209
1234	2209
1234	2208
1236	2208
1236	2207
1239	2207
1239	2206
1241	2206
1241	2205
1244	2205
1244	2204
1246	2204
1246	2203
1249	2203
1249	2202
1252	2202
1252	2201
1255	2201
1255	2200
1258	2200
1258	2199
1260	2199
1260	2198
1262	2198
1262	2197
1265	2197
1265	2196
1268	2196
1268	2195
1271	2195
1271	2194
1275	2194
1275	2193
1278	2193
1278	2192
1282	2192
1282	2191
1286	2191
1286	2190
1289	2190
1289	2189
1292	2189
1292	2188
1295	2188
1295	2187
1299	2187
1299	2186
1303	2186
1303	2185
1307	2185
1307	2184
1311	2184
1311	2183
1314	2183
1314	2182
1316	2182
1316	2181
1320	2181
1320	2180
1322	2180
1322	2179
1325	2179
1325	2178
1328	2178
1328	2177
1331	2177
1331	2176
1334	2176
1334	2175
1337	2175
1337	2174
1339	2174
1339	2173
1344	2173
1344	2172
1349	2172
1349	2171
1351	2171
1351	2172
1353	2172
1353	2171
1363	2171
1363	2170
1368	2170
1368	2169
1373	2169
1373	2168
1377	2168
1377	2167
1380	2167
1380	2166
1383	2166
1383	2165
1387	2165
1387	2164
1390	2164
1390	2163
1393	2163
1393	2162
1396	2162
1396	2161
1400	2161
1400	2160
1402	2160
1402	2159
1405	2159
1405	2158
1408	2158
1408	2157
1412	2157
1412	2156
1415	2156
1415	2155
1419	2155
1419	2154
1423	2154
1423	2153
1438	2153
1438	2154
1448	2154
1448	2153
1450	2153
1450	2152
1455	2152
1455	2149
1454	2149
1454	2148
1453	2148
1453	2149
1452	2149
1452	2150
1451	2150
1451	2146
1450	2146
1450	2144
1449	2144
1449	2143
1448	2143
1448	2142
1447	2142
1447	2141
1446	2141
1446	2140
1445	2140
1445	2139
1444	2139
1444	2138
1442	2138
1442	2137
1441	2137
1441	2136
1439	2136
1439	2135
1437	2135
1437	2134
1435	2134
1435	2133
1433	2133
1433	2132
1431	2132
1431	2131
1429	2131
1429	2130
1426	2130
1426	2129
1424	2129
1424	2128
1422	2128
1422	2127
1421	2127
1421	2126
1422	2126
1422	2125
1423	2125
1423	2123
1422	2123
1422	2122
1420	2122
1420	2121
1415	2121
1415	2119
1414	2119
1414	2118
1413	2118
1413	2117
1412	2117
1412	2116
1410	2116
1410	2115
1409	2115
1409	2114
1408	2114
1408	2113
1407	2113
1407	2112
1406	2112
1406	2111
1405	2111
1405	2110
1404	2110
1404	2109
1403	2109
1403	2108
1402	2108
1402	2107
1401	2107
1401	2106
1400	2106
1400	2105
1398	2105
1398	2104
1397	2104
1397	2103
1396	2103
1396	2102
1395	2102
1395	2101
1393	2101
1393	2100
1391	2100
1391	2099
1390	2099
1390	2098
1389	2098
1389	2097
1388	2097
1388	2096
1386	2096
1386	2095
1385	2095
1385	2094
1383	2094
1383	2093
1382	2093
1382	2092
1381	2092
1381	2091
1380	2091
1380	2090
1379	2090
1379	2089
1378	2089
1378	2088
1376	2088
1376	2087
1374	2087
1374	2086
1373	2086
1373	2085
1372	2085
1372	2084
1371	2084
1371	2083
1369	2083
1369	2082
1368	2082
1368	2081
1367	2081
1367	2080
1365	2080
1365	2079
1364	2079
1364	2078
1363	2078
1363	2077
1362	2077
1362	2076
1361	2076
1361	2075
1359	2075
1359	2074
1358	2074
1358	2073
1357	2073
1357	2072
1356	2072
1356	2071
1355	2071
1355	2069
1354	2069
1354	2068
1353	2068
1353	2067
1351	2067
1351	2066
1350	2066
1350	2065
1349	2065
1349	2064
1348	2064
1348	2063
1347	2063
1347	2061
1346	2061
1346	2060
1345	2060
1345	2059
1344	2059
1344	2058
1343	2058
1343	2057
1341	2057
1341	2056
1340	2056
1340	2055
1339	2055
1339	2054
1338	2054
1338	2053
1337	2053
1337	2052
1336	2052
1336	2051
1335	2051
1335	2050
1334	2050
1334	2049
1333	2049
1333	2048
1332	2048
1332	2047
1331	2047
1331	2046
1330	2046
1330	2045
1328	2045
1328	2044
1327	2044
1327	2043
1325	2043
1325	2042
1324	2042
1324	2041
1323	2041
1323	2040
1322	2040
1322	2039
1321	2039
1321	2038
1320	2038
1320	2037
1319	2037
1319	2036
1318	2036
1318	2035
1317	2035
1317	2034
1315	2034
1315	2032
1313	2032
1313	2031
1312	2031
1312	2029
1311	2029
1311	2028
1310	2028
1310	2027
1308	2027
1308	2026
1307	2026
1307	2025
1306	2025
1306	2024
1305	2024
1305	2022
1304	2022
1304	2021
1303	2021
1303	2020
1302	2020
1302	2019
1301	2019
1301	2018
1300	2018
1300	2017
1299	2017
1299	2016
1298	2016
1298	2014
1297	2014
1297	2013
1296	2013
1296	2012
1295	2012
1295	2011
1294	2011
1294	2010
1293	2010
1293	2008
1292	2008
1292	2007
1290	2007
1290	2005
1289	2005
1289	2004
1288	2004
1288	2002
1287	2002
1287	2001
1286	2001
1286	2000
1285	2000
1285	1999
1284	1999
1284	1998
1283	1998
1283	1997
1282	1997
1282	1996
1281	1996
1281	1994
1280	1994
1280	1993
1278	1993
1278	1992
1277	1992
1277	1991
1276	1991
1276	1990
1275	1990
1275	1989
1274	1989
1274	1987
1273	1987
1273	1986
1271	1986
1271	1985
1270	1985
1270	1984
1269	1984
1269	1982
1268	1982
1268	1981
1266	1981
1266	1980
1264	1980
1264	1978
1263	1978
1263	1977
1262	1977
1262	1976
1261	1976
1261	1975
1260	1975
1260	1974
1259	1974
1259	1973
1258	1973
1258	1972
1257	1972
1257	1971
1256	1971
1256	1970
1255	1970
1255	1969
1254	1969
1254	1968
1253	1968
1253	1966
1252	1966
1252	1965
1251	1965
1251	1964
1250	1964
1250	1963
1249	1963
1249	1962
1248	1962
1248	1961
1247	1961
1247	1960
1246	1960
1246	1959
1245	1959
1245	1956
1244	1956
1244	1954
1243	1954
1243	1953
1242	1953
1242	1952
1241	1952
1241	1951
1240	1951
1240	1950
1239	1950
1239	1949
1238	1949
1238	1947
1237	1947
1237	1946
1236	1946
1236	1945
1235	1945
1235	1943
1234	1943
1234	1942
1233	1942
1233	1941
1232	1941
1232	1940
1231	1940
1231	1939
1230	1939
1230	1938
1229	1938
1229	1937
1228	1937
1228	1935
1227	1935
1227	1934
1226	1934
1226	1933
1225	1933
1225	1932
1223	1932
1223	1931
1222	1931
1222	1929
1221	1929
1221	1928
1220	1928
1220	1927
1219	1927
1219	1926
1218	1926
1218	1925
1217	1925
1217	1924
1216	1924
1216	1923
1215	1923
1215	1922
1214	1922
1214	1921
1213	1921
1213	1919
1212	1919
1212	1918
1211	1918
1211	1917
1210	1917
1210	1916
1209	1916
1209	1914
1208	1914
1208	1913
1207	1913
1207	1912
1206	1912
1206	1911
1205	1911
1205	1910
1204	1910
1204	1908
1203	1908
1203	1907
1202	1907
1202	1906
1201	1906
1201	1905
1200	1905
1200	1904
1199	1904
1199	1903
1198	1903
1198	1902
1197	1902
1197	1901
1196	1901
1196	1900
1195	1900
1195	1898
1194	1898
1194	1897
1193	1897
1193	1896
1192	1896
1192	1895
1191	1895
1191	1894
1190	1894
1190	1893
1189	1893
1189	1892
1188	1892
1188	1891
1187	1891
1187	1889
1186	1889
1186	1888
1185	1888
1185	1887
1184	1887
1184	1885
1183	1885
1183	1884
1182	1884
1182	1882
1181	1882
1181	1881
1180	1881
1180	1880
1179	1880
1179	1879
1178	1879
1178	1878
1177	1878
1177	1877
1176	1877
1176	1876
1175	1876
1175	1874
1174	1874
1174	1873
1173	1873
1173	1872
1172	1872
1172	1871
1171	1871
1171	1870
1170	1870
1170	1869
1169	1869
1169	1868
1168	1868
1168	1867
1167	1867
1167	1865
1166	1865
1166	1864
1165	1864
1165	1863
1164	1863
1164	1862
1162	1862
1162	1861
1161	1861
1161	1860
1160	1860
1160	1859
1159	1859
1159	1858
1158	1858
1158	1857
1157	1857
1157	1856
1156	1856
1156	1855
1155	1855
1155	1854
1154	1854
1154	1853
1153	1853
1153	1851
1152	1851
1152	1850
1151	1850
1151	1849
1150	1849
1150	1847
1149	1847
1149	1846
1148	1846
1148	1845
1147	1845
1147	1844
1146	1844
1146	1843
1145	1843
1145	1841
1144	1841
1144	1840
1143	1840
1143	1838
1142	1838
1142	1837
1141	1837
1141	1836
1140	1836
1140	1834
1139	1834
1139	1833
1138	1833
1138	1832
1137	1832
1137	1830
1136	1830
1136	1829
1135	1829
1135	1828
1134	1828
1134	1826
1133	1826
1133	1825
1132	1825
1132	1824
1131	1824
1131	1822
1130	1822
1130	1821
1129	1821
1129	1820
1128	1820
1128	1819
1127	1819
1127	1818
1126	1818
1126	1817
1125	1817
1125	1815
1124	1815
1124	1814
1123	1814
1123	1812
1122	1812
1122	1811
1121	1811
1121	1810
1120	1810
1120	1809
1119	1809
1119	1808
1118	1808
1118	1807
1117	1807
1117	1806
1116	1806
1116	1805
1115	1805
1115	1804
1114	1804
1114	1802
1113	1802
1113	1801
1112	1801
1112	1800
1111	1800
1111	1799
1110	1799
1110	1798
1109	1798
1109	1796
1108	1796
1108	1795
1107	1795
1107	1794
1106	1794
1106	1792
1105	1792
1105	1791
1104	1791
1104	1790
1103	1790
1103	1789
1102	1789
1102	1788
1101	1788
1101	1787
1100	1787
1100	1785
1099	1785
1099	1784
1098	1784
1098	1783
1097	1783
1097	1782
1096	1782
1096	1781
1095	1781
1095	1779
1094	1779
1094	1778
1093	1778
1093	1777
1092	1777
1092	1776
1091	1776
1091	1775
1090	1775
1090	1774
1089	1774
1089	1773
1088	1773
1088	1772
1087	1772
1087	1771
1086	1771
1086	1770
1085	1770
1085	1769
1083	1769
1083	1767
1082	1767
1082	1766
1081	1766
1081	1765
1080	1765
1080	1764
1079	1764
1079	1762
1078	1762
1078	1761
1077	1761
1077	1760
1076	1760
1076	1759
1075	1759
1075	1757
1074	1757
1074	1756
1073	1756
1073	1755
1072	1755
1072	1753
1071	1753
1071	1752
1070	1752
1070	1751
1069	1751
1069	1750
1068	1750
1068	1748
1067	1748
1067	1747
1066	1747
1066	1745
1065	1745
1065	1744
1064	1744
1064	1743
1063	1743
1063	1741
1062	1741
1062	1740
1061	1740
1061	1738
1060	1738
1060	1737
1059	1737
1059	1736
1058	1736
1058	1735
1057	1735
1057	1733
1055	1733
1055	1731
1054	1731
1054	1730
1053	1730
1053	1729
1052	1729
1052	1728
1051	1728
1051	1727
1050	1727
1050	1726
1049	1726
1049	1725
1048	1725
1048	1723
1047	1723
1047	1722
1046	1722
1046	1721
1045	1721
1045	1720
1044	1720
1044	1718
1043	1718
1043	1717
1042	1717
1042	1715
1041	1715
1041	1714
1040	1714
1040	1713
1039	1713
1039	1712
1038	1712
1038	1710
1037	1710
1037	1709
1036	1709
1036	1708
1035	1708
1035	1706
1034	1706
1034	1705
1033	1705
1033	1703
1032	1703
1032	1702
1031	1702
1031	1700
1030	1700
1030	1698
1029	1698
1029	1697
1028	1697
1028	1696
1027	1696
1027	1694
1026	1694
1026	1693
1025	1693
1025	1692
1024	1692
1024	1691
1023	1691
1023	1690
1022	1690
1022	1689
1021	1689
1021	1687
1020	1687
1020	1686
1019	1686
1019	1685
1018	1685
1018	1684
1017	1684
1017	1683
1016	1683
1016	1682
1015	1682
1015	1681
1014	1681
1014	1680
1013	1680
1013	1679
1012	1679
1012	1677
1011	1677
1011	1676
1010	1676
1010	1675
1009	1675
1009	1673
1008	1673
1008	1672
1007	1672
1007	1671
1006	1671
1006	1669
1005	1669
1005	1668
1004	1668
1004	1667
1003	1667
1003	1665
1002	1665
1002	1664
1001	1664
1001	1663
1000	1663
1000	1661
999	1661
999	1660
998	1660
998	1659
997	1659
997	1658
996	1658
996	1656
995	1656
995	1655
994	1655
994	1654
992	1654
992	1653
991	1653
991	1652
990	1652
990	1650
989	1650
989	1649
988	1649
988	1648
987	1648
987	1647
986	1647
986	1646
985	1646
985	1645
984	1645
984	1644
983	1644
983	1643
982	1643
982	1641
981	1641
981	1640
980	1640
980	1639
979	1639
979	1638
978	1638
978	1636
977	1636
977	1635
976	1635
976	1634
975	1634
975	1633
974	1633
974	1632
973	1632
973	1631
972	1631
972	1630
971	1630
971	1628
970	1628
970	1627
969	1627
969	1626
968	1626
968	1624
967	1624
967	1623
966	1623
966	1622
965	1622
965	1621
964	1621
964	1619
963	1619
963	1618
962	1618
962	1617
961	1617
961	1616
960	1616
960	1615
959	1615
959	1614
958	1614
958	1613
957	1613
957	1611
956	1611
956	1610
955	1610
955	1609
954	1609
954	1608
952	1608
952	1607
951	1607
951	1605
950	1605
950	1604
948	1604
948	1603
947	1603
947	1602
946	1602
946	1601
945	1601
945	1600
944	1600
944	1598
943	1598
943	1597
942	1597
942	1596
941	1596
941	1595
940	1595
940	1593
939	1593
939	1592
938	1592
938	1591
937	1591
937	1590
936	1590
936	1589
935	1589
935	1587
934	1587
934	1586
933	1586
933	1585
932	1585
932	1584
931	1584
931	1582
930	1582
930	1581
929	1581
929	1580
928	1580
928	1579
927	1579
927	1578
926	1578
926	1576
925	1576
925	1575
924	1575
924	1573
922	1573
922	1571
921	1571
921	1570
920	1570
920	1569
919	1569
919	1568
918	1568
918	1567
917	1567
917	1566
916	1566
916	1565
915	1565
915	1564
914	1564
914	1563
913	1563
913	1561
912	1561
912	1560
911	1560
911	1559
910	1559
910	1558
909	1558
909	1557
908	1557
908	1556
907	1556
907	1554
906	1554
906	1553
905	1553
905	1552
904	1552
904	1550
903	1550
903	1549
902	1549
902	1548
901	1548
901	1547
900	1547
900	1546
899	1546
899	1545
898	1545
898	1544
897	1544
897	1543
896	1543
896	1542
895	1542
895	1541
894	1541
894	1539
893	1539
893	1538
892	1538
892	1537
891	1537
891	1536
890	1536
890	1535
889	1535
889	1534
888	1534
888	1533
887	1533
887	1532
886	1532
886	1530
885	1530
885	1529
884	1529
884	1527
883	1527
883	1526
882	1526
882	1525
881	1525
881	1524
880	1524
880	1523
879	1523
879	1521
878	1521
878	1520
877	1520
877	1519
876	1519
876	1518
875	1518
875	1517
874	1517
874	1516
873	1516
873	1514
872	1514
872	1513
871	1513
871	1512
870	1512
870	1511
869	1511
869	1510
868	1510
868	1508
867	1508
867	1507
866	1507
866	1505
864	1505
864	1503
863	1503
863	1502
862	1502
862	1501
861	1501
861	1500
860	1500
860	1499
858	1499
858	1498
857	1498
857	1496
856	1496
856	1495
855	1495
855	1494
854	1494
854	1493
853	1493
853	1492
852	1492
852	1490
851	1490
851	1489
850	1489
850	1488
849	1488
849	1487
848	1487
848	1486
847	1486
847	1485
846	1485
846	1484
845	1484
845	1483
844	1483
844	1482
843	1482
843	1481
842	1481
842	1480
841	1480
841	1479
840	1479
840	1478
839	1478
839	1477
838	1477
838	1476
837	1476
837	1475
836	1475
836	1474
835	1474
835	1473
834	1473
834	1472
833	1472
833	1471
831	1471
831	1470
830	1470
830	1469
829	1469
829	1468
828	1468
828	1467
827	1467
827	1465
826	1465
826	1464
825	1464
825	1463
824	1463
824	1462
823	1462
823	1460
822	1460
822	1459
821	1459
821	1458
820	1458
820	1457
819	1457
819	1455
818	1455
818	1454
817	1454
817	1453
816	1453
816	1451
815	1451
815	1450
814	1450
814	1449
813	1449
813	1448
812	1448
812	1446
811	1446
811	1444
810	1444
810	1442
809	1442
809	1440
808	1440
808	1439
807	1439
807	1437
806	1437
806	1435
805	1435
805	1433
804	1433
804	1432
803	1432
803	1430
802	1430
802	1428
801	1428
801	1425
800	1425
800	1423
799	1423
799	1419
798	1419
798	1415
797	1415
797	1412
796	1412
796	1408
795	1408
795	1397
796	1397
796	1393
797	1393
797	1391
798	1391
798	1390
799	1390
799	1389
801	1389
801	1391
803	1391
803	1392
804	1392
804	1391
805	1391
805	1390
804	1390
804	1389
802	1389
802	1388
801	1388
801	1386
802	1386
802	1385
803	1385
803	1384
804	1384
804	1383
805	1383
805	1382
807	1382
807	1381
809	1381
809	1380
812	1380
812	1379
824	1379
824	1380
828	1380
828	1381
831	1381
831	1382
834	1382
834	1383
835	1383
835	1384
837	1384
837	1385
840	1385
840	1386
841	1386
841	1387
842	1387
842	1388
844	1388
844	1389
846	1389
846	1390
847	1390
847	1391
849	1391
849	1392
851	1392
851	1393
853	1393
853	1394
854	1394
854	1395
856	1395
856	1396
857	1396
857	1397
858	1397
858	1398
860	1398
860	1399
861	1399
861	1400
862	1400
862	1401
864	1401
864	1402
865	1402
865	1403
866	1403
866	1404
867	1404
867	1405
869	1405
869	1406
870	1406
870	1407
871	1407
871	1408
872	1408
872	1409
873	1409
873	1410
874	1410
874	1411
876	1411
876	1412
877	1412
877	1413
878	1413
878	1414
879	1414
879	1415
880	1415
880	1416
881	1416
881	1417
883	1417
883	1418
884	1418
884	1419
885	1419
885	1420
886	1420
886	1421
887	1421
887	1422
888	1422
888	1423
889	1423
889	1424
890	1424
890	1425
892	1425
892	1426
893	1426
893	1427
894	1427
894	1428
895	1428
895	1429
897	1429
897	1430
898	1430
898	1431
900	1431
900	1432
901	1432
901	1433
902	1433
902	1434
904	1434
904	1435
905	1435
905	1436
906	1436
906	1437
907	1437
907	1438
908	1438
908	1439
910	1439
910	1440
912	1440
912	1442
913	1442
913	1443
914	1443
914	1444
916	1444
916	1445
917	1445
917	1446
919	1446
919	1447
920	1447
920	1448
922	1448
922	1450
924	1450
924	1451
925	1451
925	1452
926	1452
926	1453
927	1453
927	1454
929	1454
929	1455
930	1455
930	1456
931	1456
931	1457
932	1457
932	1458
933	1458
933	1459
934	1459
934	1460
936	1460
936	1461
937	1461
937	1462
938	1462
938	1463
939	1463
939	1464
940	1464
940	1465
941	1465
941	1466
942	1466
942	1467
943	1467
943	1468
944	1468
944	1469
945	1469
945	1470
946	1470
946	1471
947	1471
947	1472
949	1472
949	1473
950	1473
950	1474
951	1474
951	1475
952	1475
952	1476
953	1476
953	1477
954	1477
954	1478
955	1478
955	1479
956	1479
956	1480
957	1480
957	1481
959	1481
959	1482
960	1482
960	1483
961	1483
961	1484
962	1484
962	1485
964	1485
964	1486
965	1486
965	1487
966	1487
966	1488
967	1488
967	1489
968	1489
968	1490
969	1490
969	1491
971	1491
971	1492
972	1492
972	1493
973	1493
973	1494
974	1494
974	1497
976	1497
976	1496
977	1496
977	1498
978	1498
978	1500
979	1500
979	1501
980	1501
980	1502
981	1502
981	1503
982	1503
982	1504
983	1504
983	1505
984	1505
984	1506
985	1506
985	1507
986	1507
986	1508
987	1508
987	1509
988	1509
988	1510
989	1510
989	1512
990	1512
990	1513
991	1513
991	1514
992	1514
992	1516
993	1516
993	1517
994	1517
994	1518
995	1518
995	1520
996	1520
996	1521
997	1521
997	1522
998	1522
998	1523
999	1523
999	1524
1000	1524
1000	1526
1001	1526
1001	1527
1002	1527
1002	1528
1003	1528
1003	1529
1004	1529
1004	1530
1005	1530
1005	1531
1006	1531
1006	1532
1007	1532
1007	1533
1008	1533
1008	1535
1009	1535
1009	1536
1011	1536
1011	1537
1012	1537
1012	1538
1013	1538
1013	1539
1014	1539
1014	1541
1015	1541
1015	1542
1016	1542
1016	1543
1017	1543
1017	1544
1018	1544
1018	1545
1019	1545
1019	1546
1020	1546
1020	1547
1021	1547
1021	1548
1022	1548
1022	1549
1023	1549
1023	1550
1024	1550
1024	1551
1025	1551
1025	1552
1026	1552
1026	1553
1027	1553
1027	1554
1029	1554
1029	1555
1030	1555
1030	1557
1032	1557
1032	1558
1033	1558
1033	1559
1034	1559
1034	1560
1035	1560
1035	1561
1037	1561
1037	1562
1038	1562
1038	1563
1039	1563
1039	1564
1040	1564
1040	1565
1041	1565
1041	1566
1042	1566
1042	1567
1043	1567
1043	1569
1044	1569
1044	1570
1045	1570
1045	1571
1046	1571
1046	1572
1047	1572
1047	1573
1048	1573
1048	1574
1049	1574
1049	1575
1050	1575
1050	1577
1051	1577
1051	1578
1052	1578
1052	1579
1053	1579
1053	1580
1054	1580
1054	1581
1055	1581
1055	1583
1056	1583
1056	1584
1057	1584
1057	1585
1058	1585
1058	1586
1059	1586
1059	1588
1060	1588
1060	1589
1061	1589
1061	1590
1062	1590
1062	1592
1063	1592
1063	1593
1064	1593
1064	1594
1065	1594
1065	1596
1066	1596
1066	1597
1067	1597
1067	1598
1068	1598
1068	1600
1069	1600
1069	1601
1070	1601
1070	1602
1071	1602
1071	1604
1072	1604
1072	1605
1073	1605
1073	1606
1074	1606
1074	1608
1075	1608
1075	1609
1076	1609
1076	1611
1077	1611
1077	1612
1078	1612
1078	1613
1079	1613
1079	1614
1080	1614
1080	1616
1081	1616
1081	1617
1082	1617
1082	1618
1083	1618
1083	1620
1084	1620
1084	1621
1085	1621
1085	1623
1086	1623
1086	1624
1087	1624
1087	1625
1088	1625
1088	1626
1089	1626
1089	1628
1090	1628
1090	1629
1091	1629
1091	1630
1092	1630
1092	1631
1093	1631
1093	1633
1094	1633
1094	1634
1095	1634
1095	1635
1096	1635
1096	1636
1097	1636
1097	1638
1098	1638
1098	1639
1099	1639
1099	1640
1100	1640
1100	1642
1101	1642
1101	1643
1102	1643
1102	1645
1103	1645
1103	1647
1104	1647
1104	1648
1105	1648
1105	1650
1106	1650
1106	1651
1107	1651
1107	1653
1108	1653
1108	1654
1109	1654
1109	1655
1110	1655
1110	1656
1111	1656
1111	1658
1112	1658
1112	1659
1113	1659
1113	1660
1114	1660
1114	1661
1115	1661
1115	1662
1116	1662
1116	1663
1117	1663
1117	1664
1118	1664
1118	1665
1119	1665
1119	1666
1120	1666
1120	1667
1121	1667
1121	1668
1122	1668
1122	1669
1124	1669
1124	1670
1125	1670
1125	1672
1126	1672
1126	1673
1127	1673
1127	1674
1129	1674
1129	1675
1130	1675
1130	1676
1131	1676
1131	1677
1132	1677
1132	1678
1133	1678
1133	1679
1134	1679
1134	1681
1135	1681
1135	1682
1136	1682
1136	1683
1137	1683
1137	1684
1138	1684
1138	1686
1139	1686
1139	1687
1140	1687
1140	1688
1141	1688
1141	1690
1142	1690
1142	1691
1143	1691
1143	1693
1144	1693
1144	1694
1145	1694
1145	1696
1146	1696
1146	1697
1147	1697
1147	1698
1148	1698
1148	1700
1149	1700
1149	1701
1150	1701
1150	1702
1151	1702
1151	1703
1152	1703
1152	1705
1153	1705
1153	1706
1154	1706
1154	1708
1155	1708
1155	1709
1156	1709
1156	1710
1157	1710
1157	1711
1158	1711
1158	1712
1159	1712
1159	1713
1160	1713
1160	1715
1161	1715
1161	1716
1162	1716
1162	1717
1163	1717
1163	1718
1164	1718
1164	1719
1165	1719
1165	1720
1166	1720
1166	1721
1167	1721
1167	1722
1168	1722
1168	1724
1169	1724
1169	1725
1170	1725
1170	1726
1171	1726
1171	1727
1173	1727
1173	1728
1174	1728
1174	1730
1175	1730
1175	1731
1176	1731
1176	1732
1177	1732
1177	1733
1178	1733
1178	1735
1179	1735
1179	1736
1180	1736
1180	1737
1181	1737
1181	1739
1182	1739
1182	1740
1183	1740
1183	1741
1184	1741
1184	1743
1185	1743
1185	1744
1186	1744
1186	1745
1187	1745
1187	1747
1188	1747
1188	1748
1189	1748
1189	1749
1191	1749
1191	1751
1192	1751
1192	1752
1193	1752
1193	1753
1195	1753
1195	1755
1196	1755
1196	1756
1198	1756
1198	1757
1199	1757
1199	1758
1200	1758
1200	1759
1201	1759
1201	1760
1202	1760
1202	1761
1203	1761
1203	1762
1204	1762
1204	1763
1205	1763
1205	1765
1206	1765
1206	1766
1207	1766
1207	1767
1208	1767
1208	1768
1209	1768
1209	1769
1210	1769
1210	1770
1211	1770
1211	1771
1212	1771
1212	1773
1213	1773
1213	1774
1214	1774
1214	1775
1215	1775
1215	1776
1216	1776
1216	1777
1217	1777
1217	1779
1218	1779
1218	1780
1219	1780
1219	1781
1220	1781
1220	1783
1221	1783
1221	1784
1222	1784
1222	1785
1223	1785
1223	1787
1224	1787
1224	1788
1225	1788
1225	1789
1226	1789
1226	1791
1227	1791
1227	1792
1228	1792
1228	1793
1229	1793
1229	1795
1230	1795
1230	1796
1231	1796
1231	1797
1232	1797
1232	1798
1233	1798
1233	1799
1234	1799
1234	1801
1235	1801
1235	1802
1236	1802
1236	1804
1237	1804
1237	1806
1238	1806
1238	1807
1239	1807
1239	1808
1240	1808
1240	1809
1241	1809
1241	1811
1242	1811
1242	1812
1243	1812
1243	1813
1244	1813
1244	1814
1245	1814
1245	1815
1246	1815
1246	1816
1247	1816
1247	1817
1248	1817
1248	1818
1249	1818
1249	1819
1250	1819
1250	1820
1251	1820
1251	1821
1252	1821
1252	1822
1253	1822
1253	1823
1254	1823
1254	1825
1255	1825
1255	1826
1256	1826
1256	1827
1257	1827
1257	1828
1258	1828
1258	1829
1259	1829
1259	1831
1260	1831
1260	1832
1261	1832
1261	1834
1262	1834
1262	1835
1263	1835
1263	1836
1264	1836
1264	1838
1265	1838
1265	1839
1266	1839
1266	1840
1267	1840
1267	1842
1268	1842
1268	1843
1269	1843
1269	1844
1270	1844
1270	1845
1271	1845
1271	1847
1272	1847
1272	1848
1273	1848
1273	1849
1274	1849
1274	1850
1275	1850
1275	1851
1276	1851
1276	1852
1277	1852
1277	1854
1278	1854
1278	1855
1279	1855
1279	1856
1280	1856
1280	1857
1281	1857
1281	1858
1282	1858
1282	1859
1283	1859
1283	1860
1284	1860
1284	1861
1285	1861
1285	1862
1286	1862
1286	1863
1287	1863
1287	1864
1288	1864
1288	1865
1289	1865
1289	1866
1290	1866
1290	1867
1291	1867
1291	1868
1293	1868
1293	1869
1294	1869
1294	1870
1295	1870
1295	1871
1296	1871
1296	1873
1297	1873
1297	1874
1298	1874
1298	1875
1299	1875
1299	1876
1300	1876
1300	1877
1301	1877
1301	1878
1302	1878
1302	1879
1303	1879
1303	1881
1304	1881
1304	1882
1305	1882
1305	1883
1306	1883
1306	1884
1308	1884
1308	1885
1309	1885
1309	1886
1310	1886
1310	1887
1311	1887
1311	1888
1312	1888
1312	1889
1313	1889
1313	1890
1314	1890
1314	1891
1315	1891
1315	1892
1316	1892
1316	1893
1317	1893
1317	1894
1318	1894
1318	1895
1320	1895
1320	1896
1321	1896
1321	1897
1322	1897
1322	1898
1323	1898
1323	1899
1324	1899
1324	1900
1325	1900
1325	1901
1326	1901
1326	1902
1327	1902
1327	1903
1328	1903
1328	1904
1329	1904
1329	1905
1330	1905
1330	1906
1331	1906
1331	1907
1332	1907
1332	1908
1333	1908
1333	1910
1334	1910
1334	1911
1335	1911
1335	1912
1336	1912
1336	1913
1337	1913
1337	1914
1338	1914
1338	1915
1339	1915
1339	1917
1340	1917
1340	1918
1341	1918
1341	1919
1342	1919
1342	1920
1343	1920
1343	1921
1344	1921
1344	1923
1345	1923
1345	1924
1346	1924
1346	1925
1347	1925
1347	1926
1348	1926
1348	1927
1349	1927
1349	1929
1350	1929
1350	1931
1351	1931
1351	1932
1352	1932
1352	1933
1353	1933
1353	1935
1354	1935
1354	1936
1355	1936
1355	1938
1356	1938
1356	1939
1357	1939
1357	1941
1358	1941
1358	1942
1359	1942
1359	1943
1360	1943
1360	1944
1361	1944
1361	1945
1362	1945
1362	1946
1363	1946
1363	1947
1364	1947
1364	1948
1365	1948
1365	1949
1366	1949
1366	1950
1367	1950
1367	1951
1368	1951
1368	1952
1369	1952
1369	1953
1370	1953
1370	1954
1371	1954
1371	1955
1372	1955
1372	1957
1373	1957
1373	1958
1374	1958
1374	1959
1375	1959
1375	1960
1376	1960
1376	1962
1378	1962
1378	1963
1379	1963
1379	1964
1380	1964
1380	1966
1381	1966
1381	1969
1382	1969
1382	1970
1383	1970
1383	1972
1384	1972
1384	1973
1385	1973
1385	1974
1386	1974
1386	1976
1387	1976
1387	1978
1388	1978
1388	1980
1389	1980
1389	1982
1390	1982
1390	1983
1391	1983
1391	1985
1392	1985
1392	1986
1393	1986
1393	1987
1394	1987
1394	1988
1395	1988
1395	1990
1396	1990
1396	1991
1397	1991
1397	1993
1398	1993
1398	1994
1399	1994
1399	1996
1400	1996
1400	1997
1401	1997
1401	1998
1402	1998
1402	1999
1403	1999
1403	2000
1404	2000
1404	2001
1405	2001
1405	2003
1406	2003
1406	2004
1407	2004
1407	2006
1408	2006
1408	2008
1409	2008
1409	2009
1410	2009
1410	2010
1411	2010
1411	2012
1412	2012
1412	2013
1413	2013
1413	2014
1414	2014
1414	2016
1415	2016
1415	2017
1416	2017
1416	2018
1417	2018
1417	2020
1418	2020
1418	2021
1419	2021
1419	2022
1420	2022
1420	2024
1421	2024
1421	2025
1422	2025
1422	2026
1423	2026
1423	2028
1424	2028
1424	2029
1425	2029
1425	2031
1426	2031
1426	2032
1427	2032
1427	2033
1428	2033
1428	2034
1429	2034
1429	2036
1430	2036
1430	2037
1431	2037
1431	2038
1432	2038
1432	2040
1433	2040
1433	2042
1434	2042
1434	2043
1435	2043
1435	2044
1436	2044
1436	2045
1437	2045
1437	2047
1438	2047
1438	2048
1439	2048
1439	2050
1440	2050
1440	2052
1441	2052
1441	2055
1442	2055
1442	2056
1443	2056
1443	2057
1444	2057
1444	2058
1445	2058
1445	2059
1446	2059
1446	2061
1447	2061
1447	2062
1448	2062
1448	2064
1449	2064
1449	2065
1450	2065
1450	2066
1451	2066
1451	2068
1452	2068
1452	2069
1453	2069
1453	2070
1454	2070
1454	2071
1455	2071
1455	2073
1456	2073
1456	2074
1457	2074
1457	2076
1458	2076
1458	2078
1459	2078
1459	2079
1460	2079
1460	2080
1461	2080
1461	2081
1462	2081
1462	2082
1463	2082
1463	2083
1464	2083
1464	2085
1465	2085
1465	2086
1466	2086
1466	2088
1467	2088
1467	2089
1468	2089
1468	2090
1469	2090
1469	2091
1470	2091
1470	2092
1471	2092
1471	2093
1472	2093
1472	2094
1473	2094
1473	2095
1474	2095
1474	2097
1475	2097
1475	2098
1476	2098
1476	2099
1477	2099
1477	2100
1478	2100
1478	2101
1479	2101
1479	2102
1480	2102
1480	2103
1481	2103
1481	2104
1482	2104
1482	2105
1483	2105
1483	2107
1485	2107
1485	2105
1486	2105
1486	2104
1488	2104
1488	2103
1491	2103
1491	2104
1492	2104
1492	2105
1493	2105
1493	2113
1492	2113
1492	2120
1493	2120
1493	2122
1494	2122
1494	2123
1495	2123
1495	2126
1496	2126
1496	2127
1497	2127
1497	2128
1498	2128
1498	2125
1499	2125
1499	2118
1498	2118
1498	2113
1497	2113
1497	2108
1496	2108
1496	2096
1495	2096
1495	2095
1496	2095
1496	2085
1497	2085
1497	2083
1496	2083
1496	2079
1495	2079
1495	2075
1494	2075
1494	2071
1493	2071
1493	2064
1492	2064
1492	2057
1491	2057
1491	2056
1492	2056
1492	2053
1491	2053
1491	2045
1490	2045
1490	2039
1489	2039
1489	2033
1488	2033
1488	2027
1487	2027
1487	2024
1486	2024
1486	2022
1485	2022
1485	2013
1484	2013
1484	2004
1483	2004
1483	1999
1482	1999
1482	1994
1481	1994
1481	1989
1480	1989
1480	1983
1479	1983
1479	1975
1478	1975
1478	1972
1477	1972
1477	1966
1476	1966
1476	1943
1475	1943
1475	1933
1474	1933
1474	1932
1475	1932
1475	1930
1474	1930
1474	1908
1475	1908
1475	1904
1474	1904
1474	1900
1475	1900
1475	1898
1474	1898
1474	1855
1475	1855
1475	1845
1476	1845
1476	1839
1477	1839
1477	1821
1476	1821
1476	1819
1477	1819
1477	1803
1478	1803
1478	1795
1477	1795
1477	1792
1478	1792
1478	1765
1479	1765
1479	1756
1480	1756
1480	1748
1481	1748
1481	1737
1480	1737
1480	1736
1481	1736
1481	1734
1480	1734
1480	1718
1479	1718
1479	1689
1480	1689
1480	1682
1481	1682
1481	1628
1482	1628
1482	1617
1483	1617
1483	1608
1484	1608
1484	1601
1485	1601
1485	1585
1486	1585
1486	1575
1487	1575
1487	1566
1486	1566
1486	1561
1487	1561
1487	1537
1488	1537
1488	1526
1489	1526
1489	1514
1490	1514
1490	1501
1491	1501
1491	1487
1492	1487
1492	1480
1493	1480
1493	1462
1494	1462
1494	1441
1495	1441
1495	1439
1494	1439
1494	1415
1493	1415
1493	1373
1492	1373
1492	1354
1491	1354
1491	1332
1490	1332
1490	1323
1491	1323
1491	1308
1492	1308
1492	1270
1491	1270
1491	1254
1492	1254
1492	1226
1491	1226
1491	1211
1490	1211
1490	1181
1489	1181
1489	1169
1488	1169
1488	1158
1487	1158
1487	1123
1486	1123
1486	1117
1487	1117
1487	1116
1486	1116
1486	1104
1485	1104
1485	1091
1484	1091
1484	1083
1483	1083
1483	1071
1482	1071
1482	1061
1481	1061
1481	1047
1480	1047
1480	1029
1479	1029
1479	1017
1478	1017
1478	1007
1477	1007
1477	1006
1478	1006
1478	1005
1477	1005
1477	998
1478	998
1478	993
1477	993
1477	980
1476	980
1476	979
1477	979
1477	968
1478	968
1478	955
1479	955
1479	950
1480	950
1480	940
1481	940
1481	934
1482	934
1482	924
1483	924
1483	919
1484	919
1484	917
1485	917
1485	912
1486	912
1486	910
1487	910
1487	908
1488	908
1488	905
1489	905
1489	903
1490	903
1490	900
1491	900
1491	899
1492	899
1492	897
1493	897
1493	895
1494	895
1494	894
1495	894
1495	893
1497	893
1497	892
1498	892
1498	891
1500	891
1500	890
1504	890
1504	893
1505	893
1505	889
1507	889
1507	890
1510	890
1510	891
1514	891
1514	892
1517	892
1517	893
1518	893
1518	894
1520	894
1520	895
1521	895
1521	896
1522	896
1522	897
1523	897
1523	898
1524	898
1524	899
1525	899
1525	900
1526	900
1526	901
1527	901
1527	902
1528	902
1528	904
1529	904
1529	905
1530	905
1530	906
1531	906
1531	907
1532	907
1532	909
1533	909
1533	910
1534	910
1534	912
1535	912
1535	913
1536	913
1536	916
1537	916
1537	917
1538	917
1538	919
1539	919
1539	921
1540	921
1540	924
1541	924
1541	926
1542	926
1542	929
1543	929
1543	932
1544	932
1544	935
1545	935
1545	937
1546	937
1546	940
1547	940
1547	943
1548	943
1548	946
1549	946
1549	950
1550	950
1550	953
1551	953
1551	957
1552	957
1552	960
1553	960
1553	964
1554	964
1554	966
1555	966
1555	970
1556	970
1556	975
1557	975
1557	978
1558	978
1558	981
1559	981
1559	986
1560	986
1560	991
1561	991
1561	994
1562	994
1562	999
1563	999
1563	1002
1564	1002
1564	1006
1565	1006
1565	1009
1566	1009
1566	1017
1567	1017
1567	1033
1568	1033
1568	1044
1567	1044
1567	1046
1568	1046
1568	1076
1569	1076
1569	1086
1570	1086
1570	1093
1571	1093
1571	1101
1572	1101
1572	1108
1573	1108
1573	1116
1574	1116
1574	1128
1575	1128
1575	1139
1576	1139
1576	1150
1577	1150
1577	1159
1578	1159
1578	1167
1579	1167
1579	1173
1580	1173
1580	1178
1581	1178
1581	1179
1580	1179
1580	1182
1581	1182
1581	1201
1582	1201
1582	1211
1583	1211
1583	1225
1584	1225
1584	1237
1585	1237
1585	1248
1586	1248
1586	1278
1585	1278
1585	1292
1584	1292
1584	1307
1583	1307
1583	1317
1582	1317
1582	1335
1581	1335
1581	1342
1582	1342
1582	1350
1581	1350
1581	1375
1580	1375
1580	1384
1579	1384
1579	1401
1578	1401
