3485	1709
3484	1709
3484	1715
3483	1715
3483	1724
3482	1724
3482	1734
3481	1734
3481	1746
3480	1746
3480	1747
3481	1747
3481	1748
3480	1748
3480	1754
3479	1754
3479	1763
3478	1763
3478	1789
3477	1789
3477	1792
3476	1792
3476	1795
3475	1795
3475	1804
3474	1804
3474	1813
3473	1813
3473	1825
3472	1825
3472	1837
3473	1837
3473	1839
3472	1839
3472	1843
3473	1843
3473	1850
3472	1850
3472	1857
3471	1857
3471	1871
3470	1871
3470	1878
3469	1878
3469	1883
3468	1883
3468	1887
3467	1887
3467	1891
3466	1891
3466	1896
3465	1896
3465	1902
3464	1902
3464	1908
3463	1908
3463	1913
3464	1913
3464	1916
3465	1916
3465	1919
3466	1919
3466	1923
3465	1923
3465	1928
3464	1928
3464	1931
3463	1931
3463	1936
3462	1936
3462	1944
3461	1944
3461	1951
3460	1951
3460	1958
3459	1958
3459	1961
3460	1961
3460	1969
3461	1969
3461	1975
3462	1975
3462	1979
3463	1979
3463	1984
3464	1984
3464	1986
3465	1986
3465	1988
3466	1988
3466	1989
3467	1989
3467	1990
3468	1990
3468	1989
3470	1989
3470	1988
3471	1988
3471	1986
3472	1986
3472	1985
3473	1985
3473	1983
3474	1983
3474	1981
3475	1981
3475	1980
3476	1980
3476	1979
3477	1979
3477	1978
3478	1978
3478	1977
3479	1977
3479	1975
3480	1975
3480	1974
3481	1974
3481	1973
3482	1973
3482	1972
3483	1972
3483	1971
3484	1971
3484	1969
3485	1969
3485	1968
3486	1968
3486	1967
3487	1967
3487	1966
3488	1966
3488	1965
3489	1965
3489	1964
3490	1964
3490	1962
3491	1962
3491	1960
3493	1960
3493	1959
3498	1959
3498	1958
3499	1958
3499	1957
3500	1957
3500	1956
3501	1956
3501	1955
3502	1955
3502	1954
3504	1954
3504	1953
3505	1953
3505	1952
3506	1952
3506	1951
3507	1951
3507	1950
3508	1950
3508	1949
3509	1949
3509	1948
3510	1948
3510	1947
3511	1947
3511	1946
3512	1946
3512	1945
3513	1945
3513	1944
3514	1944
3514	1943
3515	1943
3515	1942
3516	1942
3516	1941
3517	1941
3517	1939
3518	1939
3518	1938
3520	1938
3520	1937
3521	1937
3521	1935
3522	1935
3522	1934
3523	1934
3523	1932
3524	1932
3524	1931
3525	1931
3525	1930
3526	1930
3526	1928
3527	1928
3527	1927
3529	1927
3529	1925
3530	1925
3530	1923
3531	1923
3531	1922
3532	1922
3532	1920
3533	1920
3533	1918
3534	1918
3534	1917
3535	1917
3535	1916
3536	1916
3536	1915
3537	1915
3537	1914
3538	1914
3538	1913
3539	1913
3539	1912
3540	1912
3540	1911
3541	1911
3541	1909
3542	1909
3542	1908
3543	1908
3543	1906
3544	1906
3544	1905
3545	1905
3545	1904
3546	1904
3546	1903
3547	1903
3547	1901
3548	1901
3548	1900
3549	1900
3549	1898
3550	1898
3550	1897
3551	1897
3551	1896
3552	1896
3552	1894
3554	1894
3554	1893
3555	1893
3555	1891
3556	1891
3556	1890
3557	1890
3557	1888
3558	1888
3558	1887
3559	1887
3559	1886
3560	1886
3560	1885
3561	1885
3561	1884
3563	1884
3563	1883
3564	1883
3564	1881
3565	1881
3565	1880
3566	1880
3566	1879
3567	1879
3567	1878
3568	1878
3568	1877
3569	1877
3569	1876
3570	1876
3570	1875
3571	1875
3571	1874
3572	1874
3572	1873
3573	1873
3573	1872
3574	1872
3574	1870
3575	1870
3575	1868
3576	1868
3576	1867
3577	1867
3577	1866
3578	1866
3578	1864
3580	1864
3580	1863
3581	1863
3581	1861
3582	1861
3582	1860
3583	1860
3583	1858
3584	1858
3584	1857
3585	1857
3585	1856
3586	1856
3586	1854
3588	1854
3588	1853
3589	1853
3589	1851
3590	1851
3590	1850
3591	1850
3591	1849
3592	1849
3592	1848
3593	1848
3593	1847
3594	1847
3594	1846
3595	1846
3595	1845
3597	1845
3597	1843
3598	1843
3598	1842
3599	1842
3599	1841
3600	1841
3600	1840
3601	1840
3601	1839
3602	1839
3602	1838
3603	1838
3603	1837
3604	1837
3604	1835
3606	1835
3606	1834
3607	1834
3607	1833
3608	1833
3608	1831
3609	1831
3609	1830
3610	1830
3610	1828
3611	1828
3611	1827
3612	1827
3612	1826
3613	1826
3613	1824
3614	1824
3614	1823
3615	1823
3615	1822
3616	1822
3616	1820
3617	1820
3617	1819
3618	1819
3618	1818
3619	1818
3619	1816
3620	1816
3620	1815
3621	1815
3621	1814
3622	1814
3622	1813
3623	1813
3623	1812
3624	1812
3624	1811
3625	1811
3625	1809
3626	1809
3626	1808
3627	1808
3627	1806
3628	1806
3628	1804
3629	1804
3629	1803
3630	1803
3630	1801
3631	1801
3631	1800
3632	1800
3632	1798
3633	1798
3633	1796
3634	1796
3634	1795
3635	1795
3635	1794
3636	1794
3636	1793
3637	1793
3637	1792
3638	1792
3638	1791
3639	1791
3639	1790
3640	1790
3640	1788
3641	1788
3641	1787
3642	1787
3642	1786
3643	1786
3643	1784
3644	1784
3644	1783
3645	1783
3645	1782
3646	1782
3646	1781
3647	1781
3647	1780
3648	1780
3648	1778
3649	1778
3649	1777
3650	1777
3650	1776
3651	1776
3651	1775
3652	1775
3652	1774
3653	1774
3653	1772
3654	1772
3654	1771
3655	1771
3655	1770
3656	1770
3656	1769
3657	1769
3657	1768
3658	1768
3658	1766
3660	1766
3660	1764
3661	1764
3661	1763
3662	1763
3662	1761
3663	1761
3663	1760
3665	1760
3665	1758
3666	1758
3666	1757
3667	1757
3667	1756
3668	1756
3668	1755
3669	1755
3669	1753
3670	1753
3670	1752
3671	1752
3671	1751
3672	1751
3672	1750
3673	1750
3673	1749
3674	1749
3674	1748
3675	1748
3675	1746
3676	1746
3676	1745
3677	1745
3677	1744
3678	1744
3678	1743
3679	1743
3679	1742
3680	1742
3680	1741
3681	1741
3681	1740
3682	1740
3682	1739
3683	1739
3683	1738
3684	1738
3684	1737
3685	1737
3685	1736
3686	1736
3686	1735
3687	1735
3687	1734
3688	1734
3688	1733
3689	1733
3689	1732
3690	1732
3690	1731
3691	1731
3691	1730
3692	1730
3692	1729
3693	1729
3693	1728
3694	1728
3694	1727
3695	1727
3695	1726
3696	1726
3696	1725
3697	1725
3697	1724
3698	1724
3698	1723
3699	1723
3699	1722
3700	1722
3700	1721
3701	1721
3701	1719
3702	1719
3702	1718
3703	1718
3703	1716
3704	1716
3704	1715
3705	1715
3705	1713
3706	1713
3706	1712
3707	1712
3707	1711
3708	1711
3708	1709
3709	1709
3709	1708
3710	1708
3710	1707
3711	1707
3711	1705
3712	1705
3712	1703
3713	1703
3713	1702
3714	1702
3714	1700
3715	1700
3715	1699
3716	1699
3716	1698
3717	1698
3717	1696
3718	1696
3718	1695
3719	1695
3719	1693
3721	1693
3721	1689
3722	1689
3722	1688
3723	1688
3723	1687
3724	1687
3724	1686
3725	1686
3725	1685
3726	1685
3726	1684
3727	1684
3727	1682
3728	1682
3728	1681
3729	1681
3729	1680
3730	1680
3730	1679
3731	1679
3731	1677
3732	1677
3732	1676
3733	1676
3733	1675
3734	1675
3734	1674
3735	1674
3735	1673
3736	1673
3736	1672
3737	1672
3737	1670
3738	1670
3738	1669
3739	1669
3739	1668
3740	1668
3740	1667
3741	1667
3741	1666
3742	1666
3742	1665
3743	1665
3743	1663
3744	1663
3744	1662
3745	1662
3745	1661
3746	1661
3746	1660
3747	1660
3747	1659
3748	1659
3748	1658
3749	1658
3749	1656
3750	1656
3750	1655
3751	1655
3751	1654
3752	1654
3752	1653
3753	1653
3753	1652
3754	1652
3754	1651
3755	1651
3755	1649
3756	1649
3756	1648
3757	1648
3757	1647
3758	1647
3758	1645
3759	1645
3759	1644
3760	1644
3760	1643
3761	1643
3761	1642
3762	1642
3762	1640
3763	1640
3763	1639
3764	1639
3764	1638
3765	1638
3765	1637
3766	1637
3766	1635
3767	1635
3767	1634
3768	1634
3768	1633
3769	1633
3769	1631
3770	1631
3770	1630
3771	1630
3771	1628
3772	1628
3772	1627
3773	1627
3773	1625
3774	1625
3774	1624
3775	1624
3775	1623
3776	1623
3776	1622
3777	1622
3777	1621
3778	1621
3778	1619
3779	1619
3779	1618
3780	1618
3780	1617
3781	1617
3781	1616
3783	1616
3783	1614
3784	1614
3784	1613
3785	1613
3785	1612
3786	1612
3786	1611
3787	1611
3787	1610
3788	1610
3788	1608
3789	1608
3789	1607
3790	1607
3790	1606
3791	1606
3791	1605
3792	1605
3792	1604
3793	1604
3793	1603
3794	1603
3794	1602
3795	1602
3795	1600
3796	1600
3796	1599
3797	1599
3797	1598
3798	1598
3798	1597
3799	1597
3799	1596
3800	1596
3800	1595
3801	1595
3801	1594
3802	1594
3802	1593
3803	1593
3803	1592
3804	1592
3804	1591
3805	1591
3805	1590
3806	1590
3806	1588
3808	1588
3808	1586
3809	1586
3809	1585
3810	1585
3810	1584
3811	1584
3811	1583
3812	1583
3812	1582
3813	1582
3813	1581
3814	1581
3814	1580
3815	1580
3815	1579
3816	1579
3816	1578
3817	1578
3817	1577
3818	1577
3818	1576
3819	1576
3819	1575
3820	1575
3820	1573
3821	1573
3821	1572
3822	1572
3822	1571
3823	1571
3823	1570
3824	1570
3824	1569
3825	1569
3825	1568
3826	1568
3826	1566
3827	1566
3827	1565
3828	1565
3828	1564
3829	1564
3829	1563
3830	1563
3830	1562
3831	1562
3831	1561
3832	1561
3832	1560
3833	1560
3833	1558
3834	1558
3834	1557
3836	1557
3836	1556
3837	1556
3837	1555
3838	1555
3838	1553
3839	1553
3839	1552
3840	1552
3840	1551
3841	1551
3841	1550
3843	1550
3843	1549
3844	1549
3844	1548
3845	1548
3845	1547
3846	1547
3846	1545
3847	1545
3847	1544
3848	1544
3848	1543
3849	1543
3849	1542
3851	1542
3851	1541
3852	1541
3852	1540
3853	1540
3853	1539
3854	1539
3854	1538
3855	1538
3855	1537
3856	1537
3856	1536
3857	1536
3857	1534
3859	1534
3859	1533
3860	1533
3860	1531
3861	1531
3861	1529
3862	1529
3862	1528
3863	1528
3863	1527
3864	1527
3864	1525
3865	1525
3865	1524
3866	1524
3866	1523
3867	1523
3867	1522
3868	1522
3868	1521
3869	1521
3869	1520
3870	1520
3870	1519
3871	1519
3871	1518
3872	1518
3872	1516
3873	1516
3873	1515
3875	1515
3875	1514
3876	1514
3876	1513
3877	1513
3877	1512
3878	1512
3878	1511
3879	1511
3879	1510
3880	1510
3880	1509
3881	1509
3881	1507
3882	1507
3882	1506
3883	1506
3883	1505
3884	1505
3884	1504
3885	1504
3885	1502
3886	1502
3886	1501
3887	1501
3887	1500
3888	1500
3888	1499
3889	1499
3889	1498
3890	1498
3890	1497
3891	1497
3891	1495
3892	1495
3892	1494
3893	1494
3893	1493
3894	1493
3894	1492
3895	1492
3895	1491
3896	1491
3896	1489
3897	1489
3897	1488
3898	1488
3898	1487
3899	1487
3899	1485
3900	1485
3900	1484
3901	1484
3901	1483
3902	1483
3902	1482
3903	1482
3903	1480
3904	1480
3904	1478
3905	1478
3905	1477
3906	1477
3906	1476
3907	1476
3907	1474
3908	1474
3908	1473
3909	1473
3909	1471
3910	1471
3910	1470
3911	1470
3911	1468
3912	1468
3912	1467
3913	1467
3913	1465
3914	1465
3914	1464
3915	1464
3915	1463
3916	1463
3916	1461
3917	1461
3917	1460
3918	1460
3918	1458
3919	1458
3919	1457
3920	1457
3920	1455
3921	1455
3921	1454
3922	1454
3922	1452
3923	1452
3923	1451
3924	1451
3924	1449
3925	1449
3925	1448
3926	1448
3926	1447
3927	1447
3927	1446
3928	1446
3928	1444
3929	1444
3929	1443
3930	1443
3930	1442
3931	1442
3931	1441
3932	1441
3932	1440
3933	1440
3933	1438
3934	1438
3934	1437
3935	1437
3935	1436
3936	1436
3936	1434
3937	1434
3937	1433
3938	1433
3938	1432
3939	1432
3939	1430
3940	1430
3940	1429
3941	1429
3941	1428
3942	1428
3942	1426
3943	1426
3943	1425
3944	1425
3944	1424
3945	1424
3945	1423
3946	1423
3946	1421
3947	1421
3947	1420
3948	1420
3948	1419
3949	1419
3949	1417
3950	1417
3950	1415
3951	1415
3951	1414
3952	1414
3952	1413
3953	1413
3953	1412
3954	1412
3954	1410
3955	1410
3955	1409
3956	1409
3956	1408
3957	1408
3957	1407
3958	1407
3958	1405
3959	1405
3959	1404
3961	1404
3961	1403
3962	1403
3962	1401
3963	1401
3963	1400
3964	1400
3964	1399
3965	1399
3965	1398
3966	1398
3966	1397
3967	1397
3967	1395
3968	1395
3968	1393
3969	1393
3969	1392
3970	1392
3970	1391
3971	1391
3971	1390
3972	1390
3972	1388
3973	1388
3973	1387
3974	1387
3974	1385
3975	1385
3975	1384
3976	1384
3976	1382
3977	1382
3977	1381
3978	1381
3978	1380
3979	1380
3979	1379
3980	1379
3980	1378
3981	1378
3981	1376
3982	1376
3982	1375
3983	1375
3983	1374
3984	1374
3984	1373
3985	1373
3985	1372
3986	1372
3986	1371
3987	1371
3987	1370
3988	1370
3988	1368
3989	1368
3989	1367
3990	1367
3990	1365
3991	1365
3991	1364
3992	1364
3992	1363
3993	1363
3993	1361
3994	1361
3994	1360
3995	1360
3995	1359
3996	1359
3996	1357
3997	1357
3997	1355
3998	1355
3998	1354
3999	1354
3999	1353
4000	1353
4000	1351
4001	1351
4001	1350
4002	1350
4002	1349
4003	1349
4003	1347
4004	1347
4004	1346
4005	1346
4005	1345
4006	1345
4006	1344
4007	1344
4007	1342
4008	1342
4008	1341
4009	1341
4009	1340
4010	1340
4010	1338
4011	1338
4011	1337
4012	1337
4012	1336
4013	1336
4013	1335
4014	1335
4014	1334
4015	1334
4015	1332
4016	1332
4016	1331
4017	1331
4017	1329
4018	1329
4018	1328
4019	1328
4019	1327
4020	1327
4020	1325
4021	1325
4021	1324
4022	1324
4022	1323
4023	1323
4023	1321
4024	1321
4024	1320
4025	1320
4025	1319
4026	1319
4026	1317
4027	1317
4027	1316
4028	1316
4028	1314
4029	1314
4029	1313
4030	1313
4030	1312
4031	1312
4031	1310
4032	1310
4032	1309
4033	1309
4033	1307
4034	1307
4034	1306
4035	1306
4035	1304
4036	1304
4036	1303
4037	1303
4037	1302
4038	1302
4038	1301
4039	1301
4039	1299
4040	1299
4040	1297
4041	1297
4041	1296
4042	1296
4042	1295
4043	1295
4043	1293
4044	1293
4044	1292
4045	1292
4045	1291
4046	1291
4046	1290
4047	1290
4047	1289
4048	1289
4048	1287
4049	1287
4049	1286
4050	1286
4050	1285
4051	1285
4051	1283
4052	1283
4052	1282
4053	1282
4053	1281
4054	1281
4054	1279
4055	1279
4055	1278
4056	1278
4056	1276
4057	1276
4057	1275
4058	1275
4058	1273
4059	1273
4059	1272
4060	1272
4060	1271
4061	1271
4061	1269
4062	1269
4062	1268
4063	1268
4063	1267
4064	1267
4064	1265
4065	1265
4065	1264
4066	1264
4066	1263
4067	1263
4067	1262
4068	1262
4068	1261
4069	1261
4069	1260
4070	1260
4070	1258
4071	1258
4071	1257
4072	1257
4072	1256
4073	1256
4073	1255
4074	1255
4074	1253
4075	1253
4075	1252
4076	1252
4076	1250
4077	1250
4077	1249
4078	1249
4078	1247
4079	1247
4079	1246
4080	1246
4080	1245
4081	1245
4081	1244
4082	1244
4082	1243
4083	1243
4083	1241
4084	1241
4084	1240
4085	1240
4085	1239
4086	1239
4086	1238
4087	1238
4087	1236
4088	1236
4088	1235
4090	1235
4090	1234
4091	1234
4091	1233
4092	1233
4092	1232
4093	1232
4093	1230
4094	1230
4094	1229
4095	1229
4095	1228
4096	1228
4096	1227
4097	1227
4097	1226
4098	1226
4098	1224
4099	1224
4099	1223
4100	1223
4100	1222
4101	1222
4101	1221
4102	1221
4102	1220
4103	1220
4103	1219
4104	1219
4104	1218
4105	1218
4105	1217
4106	1217
4106	1215
4107	1215
4107	1214
4108	1214
4108	1213
4109	1213
4109	1212
4110	1212
4110	1211
4111	1211
4111	1209
4112	1209
4112	1208
4113	1208
4113	1207
4114	1207
4114	1206
4115	1206
4115	1205
4116	1205
4116	1204
4117	1204
4117	1202
4118	1202
4118	1201
4119	1201
4119	1200
4120	1200
4120	1199
4121	1199
4121	1197
4122	1197
4122	1196
4123	1196
4123	1195
4124	1195
4124	1194
4125	1194
4125	1193
4126	1193
4126	1192
4127	1192
4127	1190
4128	1190
4128	1189
4129	1189
4129	1187
4130	1187
4130	1186
4131	1186
4131	1185
4132	1185
4132	1184
4133	1184
4133	1182
4134	1182
4134	1180
4135	1180
4135	1179
4136	1179
4136	1178
4137	1178
4137	1176
4138	1176
4138	1175
4139	1175
4139	1174
4140	1174
4140	1173
4141	1173
4141	1171
4142	1171
4142	1170
4143	1170
4143	1169
4144	1169
4144	1167
4145	1167
4145	1166
4147	1166
4147	1164
4148	1164
4148	1163
4149	1163
4149	1162
4150	1162
4150	1161
4151	1161
4151	1160
4152	1160
4152	1159
4153	1159
4153	1158
4154	1158
4154	1157
4155	1157
4155	1156
4156	1156
4156	1155
4157	1155
4157	1153
4158	1153
4158	1152
4160	1152
4160	1151
4161	1151
4161	1150
4162	1150
4162	1148
4163	1148
4163	1147
4165	1147
4165	1146
4166	1146
4166	1145
4167	1145
4167	1144
4168	1144
4168	1142
4169	1142
4169	1141
4171	1141
4171	1139
4172	1139
4172	1138
4174	1138
4174	1137
4175	1137
4175	1136
4176	1136
4176	1135
4177	1135
4177	1134
4178	1134
4178	1133
4179	1133
4179	1132
4180	1132
4180	1131
4181	1131
4181	1130
4182	1130
4182	1129
4183	1129
4183	1128
4184	1128
4184	1127
4185	1127
4185	1126
4186	1126
4186	1124
4187	1124
4187	1123
4188	1123
4188	1122
4189	1122
4189	1121
4190	1121
4190	1120
4191	1120
4191	1119
4192	1119
4192	1118
4194	1118
4194	1117
4195	1117
4195	1116
4196	1116
4196	1115
4197	1115
4197	1114
4199	1114
4199	1113
4200	1113
4200	1112
4201	1112
4201	1111
4202	1111
4202	1110
4204	1110
4204	1109
4205	1109
4205	1108
4206	1108
4206	1107
4208	1107
4208	1106
4210	1106
4210	1105
4211	1105
4211	1104
4213	1104
4213	1103
4214	1103
4214	1102
4217	1102
4217	1101
4219	1101
4219	1100
4221	1100
4221	1099
4223	1099
4223	1098
4227	1098
4227	1097
4229	1097
4229	1096
4239	1096
4239	1097
4242	1097
4242	1098
4243	1098
4243	1099
4245	1099
4245	1100
4247	1100
4247	1101
4248	1101
4248	1102
4249	1102
4249	1105
4250	1105
4250	1106
4251	1106
4251	1107
4252	1107
4252	1109
4253	1109
4253	1110
4254	1110
4254	1115
4255	1115
4255	1119
4254	1119
4254	1126
4253	1126
4253	1128
4252	1128
4252	1133
4251	1133
4251	1136
4250	1136
4250	1139
4249	1139
4249	1141
4248	1141
4248	1144
4247	1144
4247	1146
4246	1146
4246	1148
4245	1148
4245	1150
4244	1150
4244	1152
4243	1152
4243	1153
4242	1153
4242	1155
4241	1155
4241	1157
4240	1157
4240	1158
4239	1158
4239	1160
4238	1160
4238	1161
4237	1161
4237	1163
4236	1163
4236	1164
4235	1164
4235	1166
4234	1166
4234	1167
4233	1167
4233	1169
4232	1169
4232	1171
4231	1171
4231	1173
4230	1173
4230	1174
4229	1174
4229	1176
4228	1176
4228	1177
4227	1177
4227	1179
4226	1179
4226	1181
4225	1181
4225	1183
4224	1183
4224	1185
4223	1185
4223	1187
4222	1187
4222	1188
4221	1188
4221	1190
4220	1190
4220	1192
4219	1192
4219	1193
4218	1193
4218	1195
4217	1195
4217	1197
4216	1197
4216	1198
4215	1198
4215	1199
4214	1199
4214	1200
4213	1200
4213	1202
4212	1202
4212	1203
4211	1203
4211	1205
4210	1205
4210	1206
4209	1206
4209	1208
4208	1208
4208	1209
4207	1209
4207	1210
4206	1210
4206	1212
4205	1212
4205	1214
4204	1214
4204	1216
4203	1216
4203	1217
4202	1217
4202	1219
4201	1219
4201	1220
4200	1220
4200	1221
4199	1221
4199	1222
4198	1222
4198	1224
4197	1224
4197	1225
4196	1225
4196	1226
4195	1226
4195	1227
4194	1227
4194	1229
4193	1229
4193	1230
4192	1230
4192	1232
4191	1232
4191	1233
4190	1233
4190	1234
4189	1234
4189	1236
4188	1236
4188	1238
4187	1238
4187	1239
4186	1239
4186	1240
4185	1240
4185	1241
4184	1241
4184	1243
4183	1243
4183	1244
4182	1244
4182	1245
4181	1245
4181	1247
4180	1247
4180	1249
4179	1249
4179	1250
4178	1250
4178	1252
4177	1252
4177	1253
4176	1253
4176	1254
4175	1254
4175	1256
4173	1256
4173	1258
4172	1258
4172	1259
4171	1259
4171	1260
4170	1260
4170	1261
4169	1261
4169	1263
4168	1263
4168	1265
4167	1265
4167	1266
4166	1266
4166	1268
4165	1268
4165	1269
4164	1269
4164	1271
4163	1271
4163	1273
4162	1273
4162	1275
4161	1275
4161	1276
4160	1276
4160	1278
4159	1278
4159	1280
4158	1280
4158	1281
4157	1281
4157	1283
4156	1283
4156	1284
4155	1284
4155	1286
4154	1286
4154	1288
4153	1288
4153	1290
4152	1290
4152	1291
4151	1291
4151	1293
4150	1293
4150	1295
4149	1295
4149	1296
4148	1296
4148	1298
4147	1298
4147	1299
4146	1299
4146	1301
4145	1301
4145	1302
4144	1302
4144	1304
4143	1304
4143	1305
4142	1305
4142	1307
4141	1307
4141	1308
4140	1308
4140	1309
4139	1309
4139	1311
4138	1311
4138	1312
4137	1312
4137	1314
4136	1314
4136	1315
4135	1315
4135	1316
4134	1316
4134	1318
4133	1318
4133	1319
4132	1319
4132	1321
4131	1321
4131	1322
4130	1322
4130	1323
4129	1323
4129	1324
4128	1324
4128	1326
4127	1326
4127	1327
4126	1327
4126	1329
4125	1329
4125	1330
4124	1330
4124	1332
4123	1332
4123	1333
4122	1333
4122	1334
4121	1334
4121	1335
4120	1335
4120	1337
4119	1337
4119	1338
4118	1338
4118	1339
4117	1339
4117	1340
4116	1340
4116	1342
4115	1342
4115	1344
4114	1344
4114	1345
4113	1345
4113	1347
4112	1347
4112	1348
4111	1348
4111	1349
4110	1349
4110	1351
4109	1351
4109	1352
4108	1352
4108	1354
4107	1354
4107	1355
4106	1355
4106	1356
4105	1356
4105	1358
4104	1358
4104	1359
4103	1359
4103	1361
4102	1361
4102	1362
4101	1362
4101	1363
4100	1363
4100	1365
4099	1365
4099	1366
4098	1366
4098	1368
4097	1368
4097	1369
4096	1369
4096	1371
4095	1371
4095	1373
4094	1373
4094	1375
4093	1375
4093	1377
4092	1377
4092	1379
4091	1379
4091	1380
4090	1380
4090	1381
4089	1381
4089	1382
4088	1382
4088	1383
4087	1383
4087	1384
4086	1384
4086	1385
4085	1385
4085	1387
4084	1387
4084	1388
4083	1388
4083	1389
4082	1389
4082	1390
4081	1390
4081	1392
4080	1392
4080	1393
4079	1393
4079	1394
4078	1394
4078	1395
4077	1395
4077	1397
4076	1397
4076	1398
4075	1398
4075	1400
4074	1400
4074	1401
4073	1401
4073	1403
4072	1403
4072	1404
4071	1404
4071	1405
4070	1405
4070	1407
4069	1407
4069	1408
4068	1408
4068	1409
4067	1409
4067	1411
4066	1411
4066	1412
4065	1412
4065	1413
4064	1413
4064	1415
4063	1415
4063	1416
4062	1416
4062	1418
4061	1418
4061	1419
4060	1419
4060	1421
4059	1421
4059	1422
4058	1422
4058	1424
4057	1424
4057	1426
4056	1426
4056	1428
4055	1428
4055	1429
4054	1429
4054	1430
4053	1430
4053	1432
4052	1432
4052	1434
4051	1434
4051	1436
4050	1436
4050	1438
4049	1438
4049	1439
4048	1439
4048	1440
4047	1440
4047	1442
4046	1442
4046	1443
4045	1443
4045	1444
4044	1444
4044	1445
4043	1445
4043	1447
4042	1447
4042	1448
4041	1448
4041	1449
4040	1449
4040	1451
4039	1451
4039	1453
4038	1453
4038	1454
4037	1454
4037	1456
4036	1456
4036	1457
4035	1457
4035	1458
4034	1458
4034	1460
4033	1460
4033	1462
4032	1462
4032	1463
4031	1463
4031	1464
4030	1464
4030	1466
4029	1466
4029	1468
4028	1468
4028	1469
4027	1469
4027	1471
4026	1471
4026	1473
4025	1473
4025	1474
4024	1474
4024	1476
4023	1476
4023	1477
4022	1477
4022	1479
4021	1479
4021	1481
4020	1481
4020	1483
4019	1483
4019	1485
4018	1485
4018	1487
4017	1487
4017	1488
4016	1488
4016	1489
4015	1489
4015	1491
4014	1491
4014	1493
4013	1493
4013	1494
4012	1494
4012	1496
4011	1496
4011	1497
4010	1497
4010	1498
4009	1498
4009	1500
4008	1500
4008	1502
4007	1502
4007	1503
4006	1503
4006	1505
4005	1505
4005	1507
4004	1507
4004	1508
4003	1508
4003	1510
4002	1510
4002	1511
4001	1511
4001	1512
4000	1512
4000	1514
3999	1514
3999	1515
3998	1515
3998	1516
3997	1516
3997	1517
3996	1517
3996	1519
3995	1519
3995	1520
3994	1520
3994	1521
3993	1521
3993	1522
3992	1522
3992	1523
3991	1523
3991	1524
3990	1524
3990	1526
3989	1526
3989	1527
3988	1527
3988	1528
3987	1528
3987	1530
3986	1530
3986	1531
3985	1531
3985	1533
3984	1533
3984	1534
3983	1534
3983	1536
3982	1536
3982	1538
3981	1538
3981	1539
3980	1539
3980	1541
3979	1541
3979	1542
3978	1542
3978	1544
3977	1544
3977	1546
3976	1546
3976	1547
3975	1547
3975	1549
3974	1549
3974	1550
3973	1550
3973	1552
3972	1552
3972	1553
3971	1553
3971	1555
3970	1555
3970	1557
3969	1557
3969	1558
3968	1558
3968	1560
3967	1560
3967	1562
3966	1562
3966	1564
3965	1564
3965	1565
3964	1565
3964	1567
3963	1567
3963	1568
3962	1568
3962	1570
3961	1570
3961	1572
3960	1572
3960	1574
3959	1574
3959	1576
3958	1576
3958	1577
3957	1577
3957	1580
3956	1580
3956	1581
3955	1581
3955	1583
3954	1583
3954	1585
3953	1585
3953	1586
3952	1586
3952	1588
3951	1588
3951	1589
3950	1589
3950	1591
3949	1591
3949	1592
3948	1592
3948	1594
3947	1594
3947	1596
3946	1596
3946	1597
3945	1597
3945	1599
3944	1599
3944	1601
3943	1601
3943	1603
3942	1603
3942	1605
3941	1605
3941	1606
3940	1606
3940	1608
3939	1608
3939	1609
3938	1609
3938	1611
3937	1611
3937	1613
3936	1613
3936	1614
3935	1614
3935	1616
3934	1616
3934	1617
3933	1617
3933	1619
3932	1619
3932	1620
3931	1620
3931	1622
3930	1622
3930	1623
3929	1623
3929	1625
3928	1625
3928	1626
3927	1626
3927	1628
3926	1628
3926	1630
3925	1630
3925	1631
3924	1631
3924	1633
3923	1633
3923	1634
3922	1634
3922	1636
3921	1636
3921	1637
3920	1637
3920	1638
3919	1638
3919	1640
3918	1640
3918	1641
3917	1641
3917	1642
3916	1642
3916	1644
3915	1644
3915	1645
3914	1645
3914	1646
3913	1646
3913	1648
3912	1648
3912	1649
3911	1649
3911	1650
3910	1650
3910	1652
3909	1652
3909	1653
3908	1653
3908	1654
3907	1654
3907	1655
3906	1655
3906	1657
3905	1657
3905	1658
3904	1658
3904	1659
3903	1659
3903	1661
3902	1661
3902	1662
3901	1662
3901	1664
3900	1664
3900	1666
3899	1666
3899	1667
3898	1667
3898	1669
3897	1669
3897	1670
3896	1670
3896	1671
3895	1671
3895	1672
3894	1672
3894	1673
3893	1673
3893	1675
3892	1675
3892	1676
3891	1676
3891	1677
3890	1677
3890	1679
3889	1679
3889	1680
3888	1680
3888	1681
3887	1681
3887	1682
3886	1682
3886	1684
3885	1684
3885	1685
3884	1685
3884	1686
3883	1686
3883	1688
3882	1688
3882	1689
3881	1689
3881	1690
3880	1690
3880	1692
3879	1692
3879	1694
3878	1694
3878	1695
3877	1695
3877	1697
3876	1697
3876	1698
3875	1698
3875	1699
3874	1699
3874	1701
3873	1701
3873	1702
3872	1702
3872	1703
3871	1703
3871	1705
3870	1705
3870	1706
3869	1706
3869	1707
3868	1707
3868	1708
3867	1708
3867	1709
3866	1709
3866	1710
3865	1710
3865	1711
3864	1711
3864	1713
3863	1713
3863	1714
3862	1714
3862	1715
3861	1715
3861	1716
3860	1716
3860	1717
3859	1717
3859	1718
3858	1718
3858	1719
3857	1719
3857	1720
3856	1720
3856	1721
3855	1721
3855	1722
3854	1722
3854	1723
3853	1723
3853	1724
3852	1724
3852	1725
3851	1725
3851	1726
3850	1726
3850	1727
3849	1727
3849	1728
3848	1728
3848	1729
3847	1729
3847	1730
3846	1730
3846	1731
3845	1731
3845	1732
3844	1732
3844	1733
3843	1733
3843	1734
3842	1734
3842	1735
3841	1735
3841	1736
3840	1736
3840	1738
3839	1738
3839	1739
3838	1739
3838	1740
3837	1740
3837	1741
3836	1741
3836	1743
3835	1743
3835	1744
3834	1744
3834	1746
3833	1746
3833	1747
3832	1747
3832	1748
3831	1748
3831	1749
3830	1749
3830	1750
3829	1750
3829	1751
3828	1751
3828	1752
3827	1752
3827	1753
3826	1753
3826	1754
3825	1754
3825	1755
3824	1755
3824	1757
3823	1757
3823	1758
3822	1758
3822	1760
3821	1760
3821	1761
3820	1761
3820	1762
3819	1762
3819	1764
3818	1764
3818	1765
3817	1765
3817	1767
3816	1767
3816	1768
3815	1768
3815	1769
3814	1769
3814	1771
3813	1771
3813	1772
3812	1772
3812	1774
3811	1774
3811	1775
3810	1775
3810	1776
3809	1776
3809	1778
3808	1778
3808	1779
3807	1779
3807	1780
3806	1780
3806	1781
3805	1781
3805	1782
3804	1782
3804	1784
3803	1784
3803	1785
3801	1785
3801	1787
3800	1787
3800	1788
3799	1788
3799	1789
3798	1789
3798	1790
3797	1790
3797	1792
3796	1792
3796	1793
3795	1793
3795	1795
3794	1795
3794	1796
3793	1796
3793	1797
3792	1797
3792	1799
3791	1799
3791	1800
3790	1800
3790	1801
3789	1801
3789	1802
3787	1802
3787	1803
3786	1803
3786	1805
3785	1805
3785	1806
3784	1806
3784	1808
3783	1808
3783	1809
3782	1809
3782	1810
3781	1810
3781	1812
3780	1812
3780	1813
3779	1813
3779	1814
3778	1814
3778	1815
3777	1815
3777	1816
3776	1816
3776	1817
3775	1817
3775	1819
3774	1819
3774	1820
3773	1820
3773	1821
3772	1821
3772	1822
3771	1822
3771	1823
3770	1823
3770	1825
3769	1825
3769	1826
3768	1826
3768	1827
3767	1827
3767	1828
3766	1828
3766	1829
3765	1829
3765	1830
3764	1830
3764	1831
3763	1831
3763	1832
3762	1832
3762	1834
3761	1834
3761	1835
3760	1835
3760	1836
3759	1836
3759	1837
3758	1837
3758	1839
3757	1839
3757	1840
3756	1840
3756	1841
3755	1841
3755	1842
3754	1842
3754	1843
3753	1843
3753	1844
3752	1844
3752	1845
3751	1845
3751	1846
3750	1846
3750	1847
3749	1847
3749	1849
3747	1849
3747	1850
3746	1850
3746	1851
3745	1851
3745	1852
3744	1852
3744	1854
3743	1854
3743	1855
3742	1855
3742	1856
3741	1856
3741	1857
3740	1857
3740	1858
3739	1858
3739	1859
3738	1859
3738	1860
3737	1860
3737	1861
3735	1861
3735	1863
3733	1863
3733	1865
3732	1865
3732	1866
3730	1866
3730	1867
3729	1867
3729	1868
3728	1868
3728	1869
3727	1869
3727	1870
3726	1870
3726	1871
3725	1871
3725	1872
3724	1872
3724	1873
3723	1873
3723	1874
3721	1874
3721	1876
3720	1876
3720	1877
3719	1877
3719	1878
3718	1878
3718	1879
3717	1879
3717	1880
3716	1880
3716	1881
3714	1881
3714	1882
3713	1882
3713	1883
3712	1883
3712	1884
3710	1884
3710	1885
3709	1885
3709	1886
3708	1886
3708	1887
3706	1887
3706	1888
3705	1888
3705	1889
3703	1889
3703	1890
3701	1890
3701	1891
3700	1891
3700	1892
3699	1892
3699	1893
3698	1893
3698	1894
3697	1894
3697	1895
3695	1895
3695	1896
3694	1896
3694	1898
3693	1898
3693	1899
3691	1899
3691	1900
3690	1900
3690	1901
3689	1901
3689	1902
3688	1902
3688	1903
3687	1903
3687	1904
3686	1904
3686	1905
3685	1905
3685	1906
3684	1906
3684	1907
3683	1907
3683	1908
3682	1908
3682	1909
3680	1909
3680	1910
3679	1910
3679	1912
3678	1912
3678	1913
3677	1913
3677	1914
3675	1914
3675	1915
3674	1915
3674	1916
3673	1916
3673	1917
3671	1917
3671	1918
3670	1918
3670	1919
3669	1919
3669	1920
3668	1920
3668	1921
3666	1921
3666	1922
3665	1922
3665	1923
3664	1923
3664	1924
3662	1924
3662	1925
3661	1925
3661	1926
3659	1926
3659	1927
3658	1927
3658	1928
3657	1928
3657	1929
3655	1929
3655	1930
3653	1930
3653	1931
3652	1931
3652	1932
3651	1932
3651	1933
3649	1933
3649	1934
3647	1934
3647	1935
3645	1935
3645	1936
3644	1936
3644	1937
3643	1937
3643	1938
3641	1938
3641	1939
3639	1939
3639	1940
3638	1940
3638	1941
3637	1941
3637	1942
3636	1942
3636	1943
3634	1943
3634	1944
3633	1944
3633	1945
3632	1945
3632	1946
3630	1946
3630	1947
3628	1947
3628	1948
3627	1948
3627	1949
3625	1949
3625	1950
3624	1950
3624	1951
3622	1951
3622	1952
3621	1952
3621	1953
3619	1953
3619	1954
3618	1954
3618	1955
3617	1955
3617	1956
3615	1956
3615	1957
3614	1957
3614	1958
3613	1958
3613	1959
3611	1959
3611	1960
3610	1960
3610	1961
3609	1961
3609	1962
3607	1962
3607	1963
3606	1963
3606	1964
3605	1964
3605	1965
3603	1965
3603	1966
3602	1966
3602	1967
3600	1967
3600	1968
3599	1968
3599	1969
3597	1969
3597	1970
3595	1970
3595	1971
3593	1971
3593	1972
3591	1972
3591	1973
3590	1973
3590	1974
3588	1974
3588	1975
3586	1975
3586	1976
3585	1976
3585	1977
3583	1977
3583	1978
3582	1978
3582	1979
3580	1979
3580	1980
3578	1980
3578	1981
3576	1981
3576	1982
3574	1982
3574	1983
3573	1983
3573	1984
3571	1984
3571	1985
3569	1985
3569	1986
3568	1986
3568	1987
3566	1987
3566	1988
3565	1988
3565	1989
3563	1989
3563	1990
3561	1990
3561	1991
3560	1991
3560	1992
3558	1992
3558	1994
3556	1994
3556	1993
3554	1993
3554	1991
3553	1991
3553	1992
3552	1992
3552	1993
3553	1993
3553	1995
3556	1995
3556	1997
3555	1997
3555	1998
3554	1998
3554	1999
3552	1999
3552	2000
3551	2000
3551	2001
3550	2001
3550	2002
3549	2002
3549	2003
3548	2003
3548	2004
3547	2004
3547	2005
3546	2005
3546	2006
3545	2006
3545	2007
3544	2007
3544	2008
3543	2008
3543	2010
3542	2010
3542	2011
3541	2011
3541	2014
3540	2014
3540	2018
3539	2018
3539	2020
3540	2020
3540	2021
3541	2021
3541	2023
3542	2023
3542	2024
3543	2024
3543	2025
3545	2025
3545	2026
3547	2026
3547	2027
3549	2027
3549	2028
3551	2028
3551	2029
3555	2029
3555	2030
3558	2030
3558	2031
3561	2031
3561	2032
3564	2032
3564	2033
3567	2033
3567	2034
3569	2034
3569	2035
3571	2035
3571	2036
3574	2036
3574	2037
3576	2037
3576	2038
3578	2038
3578	2039
3581	2039
3581	2040
3582	2040
3582	2041
3584	2041
3584	2042
3587	2042
3587	2043
3589	2043
3589	2044
3592	2044
3592	2045
3594	2045
3594	2046
3597	2046
3597	2047
3600	2047
3600	2048
3602	2048
3602	2049
3606	2049
3606	2050
3609	2050
3609	2051
3612	2051
3612	2052
3615	2052
3615	2053
3618	2053
3618	2054
3620	2054
3620	2055
3623	2055
3623	2056
3625	2056
3625	2057
3627	2057
3627	2058
3629	2058
3629	2059
3633	2059
3633	2060
3635	2060
3635	2061
3637	2061
3637	2062
3640	2062
3640	2063
3642	2063
3642	2064
3644	2064
3644	2065
3646	2065
3646	2066
3649	2066
3649	2067
3651	2067
3651	2068
3653	2068
3653	2069
3655	2069
3655	2070
3658	2070
3658	2071
3660	2071
3660	2072
3662	2072
3662	2073
3664	2073
3664	2074
3666	2074
3666	2075
3669	2075
3669	2076
3672	2076
3672	2077
3676	2077
3676	2078
3678	2078
3678	2079
3681	2079
3681	2080
3684	2080
3684	2081
3686	2081
3686	2082
3688	2082
3688	2083
3691	2083
3691	2084
3693	2084
3693	2085
3696	2085
3696	2086
3699	2086
3699	2087
3701	2087
3701	2088
3703	2088
3703	2089
3705	2089
3705	2090
3708	2090
3708	2091
3710	2091
3710	2092
3712	2092
3712	2093
3715	2093
3715	2094
3717	2094
3717	2095
3719	2095
3719	2096
3720	2096
3720	2097
3721	2097
3721	2098
3723	2098
3723	2099
3725	2099
3725	2100
3726	2100
3726	2101
3727	2101
3727	2102
3729	2102
3729	2103
3730	2103
3730	2104
3732	2104
3732	2105
3733	2105
3733	2106
3735	2106
3735	2107
3736	2107
3736	2108
3738	2108
3738	2109
3739	2109
3739	2110
3741	2110
3741	2111
3743	2111
3743	2112
3745	2112
3745	2113
3747	2113
3747	2114
3749	2114
3749	2115
3751	2115
3751	2116
3752	2116
3752	2117
3754	2117
3754	2118
3756	2118
3756	2119
3758	2119
3758	2120
3760	2120
3760	2121
3762	2121
3762	2122
3764	2122
3764	2123
3766	2123
3766	2124
3767	2124
3767	2125
3769	2125
3769	2126
3771	2126
3771	2127
3772	2127
3772	2128
3774	2128
3774	2129
3776	2129
3776	2130
3777	2130
3777	2131
3779	2131
3779	2132
3780	2132
3780	2133
3781	2133
3781	2134
3783	2134
3783	2135
3784	2135
3784	2136
3786	2136
3786	2137
3787	2137
3787	2138
3789	2138
3789	2139
3792	2139
3792	2140
3794	2140
3794	2141
3796	2141
3796	2142
3798	2142
3798	2143
3801	2143
3801	2144
3803	2144
3803	2145
3805	2145
3805	2146
3806	2146
3806	2147
3808	2147
3808	2148
3810	2148
3810	2149
3812	2149
3812	2150
3813	2150
3813	2151
3815	2151
3815	2152
3817	2152
3817	2153
3819	2153
3819	2154
3821	2154
3821	2155
3823	2155
3823	2156
3826	2156
3826	2157
3829	2157
3829	2158
3831	2158
3831	2159
3834	2159
3834	2160
3836	2160
3836	2161
3837	2161
3837	2162
3839	2162
3839	2163
3841	2163
3841	2164
3843	2164
3843	2165
3844	2165
3844	2166
3846	2166
3846	2167
3848	2167
3848	2168
3849	2168
3849	2169
3852	2169
3852	2170
3853	2170
3853	2171
3855	2171
3855	2172
3857	2172
3857	2173
3859	2173
3859	2174
3861	2174
3861	2175
3863	2175
3863	2176
3864	2176
3864	2177
3866	2177
3866	2178
3868	2178
3868	2179
3869	2179
3869	2180
3871	2180
3871	2181
3872	2181
3872	2182
3874	2182
3874	2183
3875	2183
3875	2184
3877	2184
3877	2185
3878	2185
3878	2186
3879	2186
3879	2187
3881	2187
3881	2188
3882	2188
3882	2189
3884	2189
3884	2190
3885	2190
3885	2191
3887	2191
3887	2192
3888	2192
3888	2193
3889	2193
3889	2194
3890	2194
3890	2195
3892	2195
3892	2196
3893	2196
3893	2197
3895	2197
3895	2198
3896	2198
3896	2199
3898	2199
3898	2200
3899	2200
3899	2201
3901	2201
3901	2202
3903	2202
3903	2203
3904	2203
3904	2204
3905	2204
3905	2205
3907	2205
3907	2206
3908	2206
3908	2207
3909	2207
3909	2208
3911	2208
3911	2209
3913	2209
3913	2210
3914	2210
3914	2211
3916	2211
3916	2212
3918	2212
3918	2213
3920	2213
3920	2214
3922	2214
3922	2215
3923	2215
3923	2216
3925	2216
3925	2217
3926	2217
3926	2218
3928	2218
3928	2219
3929	2219
3929	2220
3931	2220
3931	2221
3932	2221
3932	2222
3934	2222
3934	2223
3936	2223
3936	2224
3938	2224
3938	2225
3939	2225
3939	2226
3940	2226
3940	2227
3942	2227
3942	2228
3943	2228
3943	2229
3945	2229
3945	2230
3947	2230
3947	2231
3948	2231
3948	2232
3950	2232
3950	2233
3951	2233
3951	2234
3952	2234
3952	2235
3954	2235
3954	2236
3955	2236
3955	2237
3957	2237
3957	2238
3958	2238
3958	2239
3960	2239
3960	2240
3962	2240
3962	2241
3963	2241
3963	2242
3965	2242
3965	2243
3967	2243
3967	2244
3969	2244
3969	2245
3971	2245
3971	2246
3972	2246
3972	2247
3974	2247
3974	2248
3976	2248
3976	2249
3977	2249
3977	2250
3978	2250
3978	2251
3980	2251
3980	2252
3981	2252
3981	2253
3982	2253
3982	2254
3984	2254
3984	2255
3985	2255
3985	2256
3987	2256
3987	2257
3988	2257
3988	2258
3989	2258
3989	2259
3990	2259
3990	2260
3991	2260
3991	2261
3993	2261
3993	2262
3994	2262
3994	2263
3996	2263
3996	2264
3998	2264
3998	2265
3999	2265
3999	2266
4000	2266
4000	2267
4002	2267
4002	2268
4003	2268
4003	2269
4005	2269
4005	2270
4007	2270
4007	2271
4008	2271
4008	2272
4010	2272
4010	2273
4011	2273
4011	2274
4012	2274
4012	2275
4014	2275
4014	2276
4015	2276
4015	2277
4017	2277
4017	2278
4019	2278
4019	2279
4020	2279
4020	2280
4021	2280
4021	2281
4023	2281
4023	2282
4024	2282
4024	2283
4026	2283
4026	2284
4027	2284
4027	2285
4028	2285
4028	2286
4029	2286
4029	2287
4031	2287
4031	2288
4032	2288
4032	2289
4033	2289
4033	2290
4034	2290
4034	2291
4036	2291
4036	2292
4037	2292
4037	2293
4039	2293
4039	2294
4041	2294
4041	2295
4043	2295
4043	2296
4044	2296
4044	2297
4046	2297
4046	2298
4047	2298
4047	2299
4048	2299
4048	2300
4049	2300
4049	2301
4050	2301
4050	2302
4051	2302
4051	2303
4052	2303
4052	2304
4053	2304
4053	2305
4055	2305
4055	2306
4056	2306
4056	2307
4057	2307
4057	2308
4058	2308
4058	2309
4059	2309
4059	2310
4060	2310
4060	2311
4062	2311
4062	2312
4063	2312
4063	2313
4065	2313
4065	2314
4066	2314
4066	2315
4067	2315
4067	2316
4069	2316
4069	2317
4070	2317
4070	2318
4071	2318
4071	2319
4072	2319
4072	2320
4074	2320
4074	2321
4075	2321
4075	2322
4076	2322
4076	2323
4078	2323
4078	2324
4079	2324
4079	2325
4080	2325
4080	2326
4082	2326
4082	2327
4083	2327
4083	2328
4084	2328
4084	2329
4086	2329
4086	2330
4087	2330
4087	2331
4088	2331
4088	2332
4090	2332
4090	2333
4091	2333
4091	2334
4092	2334
4092	2335
4094	2335
4094	2336
4095	2336
4095	2337
4096	2337
4096	2338
4098	2338
4098	2339
4099	2339
4099	2340
4100	2340
4100	2341
4101	2341
4101	2342
4102	2342
4102	2343
4104	2343
4104	2344
4105	2344
4105	2345
4106	2345
4106	2346
4107	2346
4107	2347
4108	2347
4108	2348
4109	2348
4109	2349
4111	2349
4111	2351
4112	2351
4112	2352
4114	2352
4114	2353
4115	2353
4115	2354
4116	2354
4116	2355
4117	2355
4117	2356
4118	2356
4118	2357
4119	2357
4119	2358
4120	2358
4120	2359
4121	2359
4121	2360
4122	2360
4122	2361
4123	2361
4123	2362
4124	2362
4124	2363
4125	2363
4125	2364
4126	2364
4126	2365
4127	2365
4127	2366
4128	2366
4128	2367
4129	2367
4129	2368
4130	2368
4130	2369
4131	2369
4131	2370
4132	2370
4132	2371
4133	2371
4133	2372
4134	2372
4134	2373
4135	2373
4135	2374
4136	2374
4136	2375
4137	2375
4137	2376
4138	2376
4138	2378
4139	2378
4139	2379
4140	2379
4140	2380
4141	2380
4141	2381
4142	2381
4142	2382
4143	2382
4143	2384
4144	2384
4144	2385
4145	2385
4145	2386
4146	2386
4146	2388
4147	2388
4147	2389
4148	2389
4148	2390
4149	2390
4149	2392
4150	2392
4150	2394
4151	2394
4151	2396
4152	2396
4152	2398
4153	2398
4153	2413
4152	2413
4152	2414
4150	2414
4150	2413
4148	2413
4148	2412
4145	2412
4145	2413
4146	2413
4146	2414
4148	2414
4148	2415
4147	2415
4147	2416
4145	2416
4145	2417
4142	2417
4142	2418
4130	2418
4130	2417
4128	2417
4128	2416
4127	2416
4127	2415
4124	2415
4124	2414
4122	2414
4122	2413
4120	2413
4120	2412
4117	2412
4117	2411
4115	2411
4115	2410
4113	2410
4113	2409
4112	2409
4112	2408
4110	2408
4110	2407
4109	2407
4109	2406
4107	2406
4107	2405
4105	2405
4105	2404
4104	2404
4104	2403
4101	2403
4101	2402
4099	2402
4099	2401
4098	2401
4098	2400
4096	2400
4096	2399
4094	2399
4094	2398
4092	2398
4092	2397
4091	2397
4091	2396
4089	2396
4089	2395
4087	2395
4087	2394
4085	2394
4085	2393
4083	2393
4083	2392
4082	2392
4082	2391
4080	2391
4080	2390
4078	2390
4078	2389
4076	2389
4076	2388
4075	2388
4075	2387
4073	2387
4073	2386
4072	2386
4072	2385
4071	2385
4071	2384
4069	2384
4069	2383
4067	2383
4067	2382
4065	2382
4065	2381
4063	2381
4063	2380
4062	2380
4062	2379
4060	2379
4060	2378
4059	2378
4059	2377
4058	2377
4058	2376
4056	2376
4056	2375
4055	2375
4055	2374
4053	2374
4053	2373
4052	2373
4052	2372
4051	2372
4051	2371
4049	2371
4049	2370
4048	2370
4048	2369
4046	2369
4046	2368
4044	2368
4044	2367
4043	2367
4043	2366
4041	2366
4041	2365
4040	2365
4040	2364
4038	2364
4038	2363
4037	2363
4037	2362
4035	2362
4035	2361
4033	2361
4033	2360
4032	2360
4032	2359
4031	2359
4031	2358
4029	2358
4029	2357
4027	2357
4027	2356
4025	2356
4025	2355
4022	2355
4022	2354
4020	2354
4020	2353
4018	2353
4018	2352
4016	2352
4016	2351
4015	2351
4015	2350
4013	2350
4013	2349
4011	2349
4011	2348
4009	2348
4009	2347
4008	2347
4008	2346
4006	2346
4006	2345
4004	2345
4004	2344
4002	2344
4002	2343
3999	2343
3999	2342
3998	2342
3998	2341
3996	2341
3996	2340
3993	2340
3993	2339
3992	2339
3992	2338
3990	2338
3990	2337
3987	2337
3987	2336
3985	2336
3985	2335
3983	2335
3983	2334
3981	2334
3981	2333
3979	2333
3979	2332
3977	2332
3977	2331
3975	2331
3975	2330
3973	2330
3973	2329
3971	2329
3971	2328
3969	2328
3969	2327
3967	2327
3967	2326
3965	2326
3965	2325
3962	2325
3962	2324
3960	2324
3960	2323
3959	2323
3959	2322
3957	2322
3957	2321
3955	2321
3955	2320
3953	2320
3953	2319
3951	2319
3951	2318
3949	2318
3949	2317
3946	2317
3946	2316
3944	2316
3944	2315
3942	2315
3942	2314
3941	2314
3941	2313
3939	2313
3939	2312
3937	2312
3937	2311
3936	2311
3936	2310
3933	2310
3933	2309
3932	2309
3932	2308
3931	2308
3931	2307
3929	2307
3929	2306
3927	2306
3927	2305
3925	2305
3925	2304
3923	2304
3923	2303
3922	2303
3922	2302
3919	2302
3919	2301
3917	2301
3917	2300
3916	2300
3916	2299
3914	2299
3914	2298
3913	2298
3913	2297
3911	2297
3911	2296
3909	2296
3909	2295
3908	2295
3908	2294
3906	2294
3906	2293
3905	2293
3905	2292
3903	2292
3903	2291
3901	2291
3901	2290
3899	2290
3899	2289
3898	2289
3898	2288
3896	2288
3896	2287
3894	2287
3894	2286
3893	2286
3893	2285
3891	2285
3891	2284
3890	2284
3890	2283
3889	2283
3889	2282
3887	2282
3887	2281
3885	2281
3885	2280
3884	2280
3884	2279
3881	2279
3881	2278
3880	2278
3880	2277
3877	2277
3877	2276
3875	2276
3875	2275
3873	2275
3873	2274
3871	2274
3871	2273
3869	2273
3869	2272
3866	2272
3866	2271
3864	2271
3864	2270
3862	2270
3862	2269
3860	2269
3860	2268
3857	2268
3857	2267
3852	2267
3852	2266
3849	2266
3849	2265
3847	2265
3847	2264
3845	2264
3845	2263
3843	2263
3843	2262
3841	2262
3841	2261
3839	2261
3839	2260
3838	2260
3838	2259
3836	2259
3836	2258
3834	2258
3834	2257
3832	2257
3832	2256
3830	2256
3830	2255
3829	2255
3829	2254
3827	2254
3827	2253
3825	2253
3825	2252
3823	2252
3823	2251
3822	2251
3822	2250
3821	2250
3821	2249
3819	2249
3819	2248
3818	2248
3818	2247
3816	2247
3816	2246
3815	2246
3815	2245
3813	2245
3813	2244
3811	2244
3811	2243
3809	2243
3809	2242
3806	2242
3806	2241
3804	2241
3804	2240
3802	2240
3802	2239
3800	2239
3800	2238
3798	2238
3798	2237
3796	2237
3796	2236
3794	2236
3794	2235
3793	2235
3793	2234
3791	2234
3791	2233
3789	2233
3789	2232
3787	2232
3787	2231
3786	2231
3786	2230
3784	2230
3784	2229
3783	2229
3783	2228
3781	2228
3781	2227
3779	2227
3779	2226
3777	2226
3777	2225
3775	2225
3775	2224
3773	2224
3773	2223
3772	2223
3772	2222
3770	2222
3770	2221
3768	2221
3768	2220
3766	2220
3766	2219
3763	2219
3763	2218
3761	2218
3761	2217
3759	2217
3759	2216
3757	2216
3757	2215
3755	2215
3755	2214
3753	2214
3753	2213
3751	2213
3751	2212
3749	2212
3749	2211
3747	2211
3747	2210
3745	2210
3745	2209
3743	2209
3743	2208
3741	2208
3741	2207
3739	2207
3739	2206
3737	2206
3737	2205
3736	2205
3736	2204
3734	2204
3734	2203
3733	2203
3733	2202
3731	2202
3731	2201
3730	2201
3730	2200
3728	2200
3728	2199
3727	2199
3727	2198
3726	2198
3726	2197
3724	2197
3724	2196
3722	2196
3722	2195
3721	2195
3721	2194
3720	2194
3720	2193
3718	2193
3718	2192
3716	2192
3716	2191
3714	2191
3714	2190
3712	2190
3712	2189
3709	2189
3709	2188
3707	2188
3707	2187
3705	2187
3705	2186
3703	2186
3703	2185
3701	2185
3701	2184
3699	2184
3699	2183
3697	2183
3697	2182
3695	2182
3695	2181
3694	2181
3694	2180
3692	2180
3692	2179
3691	2179
3691	2178
3689	2178
3689	2177
3687	2177
3687	2176
3686	2176
3686	2175
3683	2175
3683	2174
3681	2174
3681	2173
3679	2173
3679	2172
3677	2172
3677	2171
3675	2171
3675	2170
3673	2170
3673	2169
3670	2169
3670	2168
3668	2168
3668	2167
3666	2167
3666	2166
3664	2166
3664	2165
3661	2165
3661	2164
3659	2164
3659	2163
3657	2163
3657	2162
3654	2162
3654	2161
3652	2161
3652	2160
3650	2160
3650	2159
3648	2159
3648	2158
3646	2158
3646	2157
3644	2157
3644	2156
3642	2156
3642	2155
3639	2155
3639	2154
3636	2154
3636	2153
3634	2153
3634	2152
3633	2152
3633	2151
3631	2151
3631	2150
3628	2150
3628	2149
3626	2149
3626	2148
3624	2148
3624	2147
3622	2147
3622	2146
3620	2146
3620	2145
3618	2145
3618	2144
3616	2144
3616	2143
3614	2143
3614	2142
3612	2142
3612	2141
3610	2141
3610	2140
3608	2140
3608	2139
3606	2139
3606	2138
3603	2138
3603	2137
3601	2137
3601	2136
3599	2136
3599	2135
3598	2135
3598	2134
3596	2134
3596	2133
3593	2133
3593	2132
3591	2132
3591	2131
3588	2131
3588	2130
3586	2130
3586	2129
3584	2129
3584	2128
3582	2128
3582	2127
3580	2127
3580	2126
3578	2126
3578	2125
3576	2125
3576	2124
3574	2124
3574	2123
3573	2123
3573	2122
3571	2122
3571	2121
3569	2121
3569	2120
3567	2120
3567	2119
3566	2119
3566	2118
3564	2118
3564	2117
3563	2117
3563	2116
3560	2116
3560	2115
3559	2115
3559	2114
3558	2114
3558	2113
3556	2113
3556	2112
3554	2112
3554	2111
3553	2111
3553	2110
3551	2110
3551	2109
3549	2109
3549	2108
3548	2108
3548	2107
3545	2107
3545	2108
3542	2108
3542	2107
3539	2107
3539	2106
3537	2106
3537	2105
3535	2105
3535	2104
3534	2104
3534	2103
3533	2103
3533	2102
3532	2102
3532	2101
3531	2101
3531	2100
3530	2100
3530	2099
3528	2099
3528	2098
3527	2098
3527	2097
3525	2097
3525	2096
3524	2096
3524	2095
3523	2095
3523	2094
3522	2094
3522	2093
3520	2093
3520	2092
3518	2092
3518	2091
3516	2091
3516	2090
3515	2090
3515	2089
3514	2089
3514	2088
3513	2088
3513	2087
3512	2087
3512	2086
3510	2086
3510	2085
3509	2085
3509	2084
3507	2084
3507	2083
3504	2083
3504	2082
3500	2082
3500	2081
3497	2081
3497	2080
3495	2080
3495	2079
3492	2079
3492	2078
3491	2078
3491	2077
3489	2077
3489	2076
3487	2076
3487	2075
3484	2075
3484	2074
3482	2074
3482	2075
3478	2075
3478	2074
3475	2074
3475	2073
3474	2073
3474	2072
3473	2072
3473	2071
3471	2071
3471	2070
3470	2070
3470	2069
3469	2069
3469	2068
3467	2068
3467	2067
3465	2067
3465	2066
3464	2066
3464	2065
3463	2065
3463	2064
3461	2064
3461	2063
3460	2063
3460	2062
3458	2062
3458	2061
3457	2061
3457	2060
3456	2060
3456	2059
3455	2059
3455	2058
3454	2058
3454	2057
3453	2057
3453	2056
3451	2056
3451	2057
3450	2057
3450	2061
3449	2061
3449	2066
3448	2066
3448	2072
3447	2072
3447	2077
3446	2077
3446	2081
3445	2081
3445	2085
3444	2085
3444	2088
3443	2088
3443	2091
3442	2091
3442	2094
3441	2094
3441	2097
3440	2097
3440	2100
3439	2100
3439	2103
3438	2103
3438	2106
3437	2106
3437	2109
3436	2109
3436	2111
3435	2111
3435	2112
3434	2112
3434	2114
3433	2114
3433	2115
3432	2115
3432	2117
3430	2117
3430	2118
3429	2118
3429	2119
3428	2119
3428	2120
3427	2120
3427	2121
3424	2121
3424	2122
3422	2122
3422	2123
3420	2123
3420	2124
3418	2124
3418	2122
3419	2122
3419	2120
3418	2120
3418	2117
3420	2117
3420	2116
3421	2116
3421	2115
3419	2115
3419	2116
3418	2116
3418	2109
3419	2109
3419	2106
3420	2106
3420	2103
3421	2103
3421	2100
3422	2100
3422	2098
3423	2098
3423	2095
3424	2095
3424	2091
3425	2091
3425	2088
3426	2088
3426	2085
3427	2085
3427	2081
3428	2081
3428	2077
3429	2077
3429	2072
3430	2072
3430	2062
3431	2062
3431	2058
3429	2058
3429	2059
3428	2059
3428	2060
3427	2060
3427	2061
3425	2061
3425	2062
3424	2062
3424	2063
3422	2063
3422	2064
3421	2064
3421	2066
3420	2066
3420	2067
3419	2067
3419	2068
3418	2068
3418	2069
3417	2069
3417	2070
3416	2070
3416	2071
3415	2071
3415	2072
3414	2072
3414	2073
3413	2073
3413	2072
3412	2072
3412	2071
3408	2071
3408	2072
3406	2072
3406	2073
3405	2073
3405	2074
3404	2074
3404	2075
3403	2075
3403	2076
3402	2076
3402	2077
3401	2077
3401	2078
3399	2078
3399	2079
3398	2079
3398	2080
3397	2080
3397	2081
3395	2081
3395	2083
3393	2083
3393	2084
3392	2084
3392	2085
3390	2085
3390	2086
3389	2086
3389	2087
3388	2087
3388	2088
3387	2088
3387	2089
3386	2089
3386	2091
3385	2091
3385	2092
3384	2092
3384	2093
3383	2093
3383	2094
3382	2094
3382	2095
3381	2095
3381	2097
3380	2097
3380	2098
3379	2098
3379	2099
3378	2099
3378	2100
3377	2100
3377	2101
3372	2101
3372	2102
3371	2102
3371	2103
3370	2103
3370	2104
3369	2104
3369	2105
3368	2105
3368	2106
3367	2106
3367	2107
3365	2107
3365	2108
3364	2108
3364	2109
3363	2109
3363	2110
3361	2110
3361	2111
3360	2111
3360	2112
3359	2112
3359	2113
3358	2113
3358	2114
3357	2114
3357	2115
3356	2115
3356	2116
3354	2116
3354	2117
3353	2117
3353	2118
3352	2118
3352	2119
3351	2119
3351	2120
3350	2120
3350	2121
3349	2121
3349	2122
3347	2122
3347	2123
3346	2123
3346	2125
3344	2125
3344	2126
3343	2126
3343	2127
3342	2127
3342	2128
3341	2128
3341	2129
3339	2129
3339	2130
3338	2130
3338	2131
3337	2131
3337	2132
3335	2132
3335	2133
3334	2133
3334	2135
3333	2135
3333	2136
3331	2136
3331	2137
3330	2137
3330	2138
3329	2138
3329	2139
3328	2139
3328	2140
3327	2140
3327	2141
3326	2141
3326	2142
3325	2142
3325	2143
3324	2143
3324	2144
3323	2144
3323	2145
3321	2145
3321	2146
3320	2146
3320	2147
3319	2147
3319	2148
3318	2148
3318	2149
3317	2149
3317	2150
3315	2150
3315	2151
3314	2151
3314	2152
3313	2152
3313	2153
3312	2153
3312	2154
3311	2154
3311	2155
3310	2155
3310	2156
3308	2156
3308	2157
3307	2157
3307	2158
3305	2158
3305	2159
3304	2159
3304	2160
3303	2160
3303	2161
3302	2161
3302	2162
3301	2162
3301	2163
3300	2163
3300	2164
3299	2164
3299	2165
3298	2165
3298	2166
3297	2166
3297	2167
3296	2167
3296	2168
3294	2168
3294	2169
3293	2169
3293	2170
3292	2170
3292	2171
3291	2171
3291	2172
3290	2172
3290	2173
3288	2173
3288	2174
3287	2174
3287	2175
3286	2175
3286	2176
3285	2176
3285	2177
3283	2177
3283	2178
3282	2178
3282	2179
3280	2179
3280	2180
3279	2180
3279	2181
3278	2181
3278	2182
3276	2182
3276	2183
3274	2183
3274	2184
3273	2184
3273	2185
3272	2185
3272	2186
3271	2186
3271	2187
3270	2187
3270	2188
3269	2188
3269	2189
3268	2189
3268	2190
3267	2190
3267	2191
3266	2191
3266	2192
3265	2192
3265	2193
3264	2193
3264	2194
3262	2194
3262	2195
3261	2195
3261	2196
3260	2196
3260	2197
3258	2197
3258	2198
3257	2198
3257	2199
3256	2199
3256	2200
3254	2200
3254	2201
3253	2201
3253	2202
3252	2202
3252	2203
3250	2203
3250	2204
3248	2204
3248	2205
3247	2205
3247	2206
3245	2206
3245	2207
3244	2207
3244	2208
3242	2208
3242	2209
3241	2209
3241	2210
3239	2210
3239	2211
3237	2211
3237	2212
3236	2212
3236	2213
3234	2213
3234	2214
3233	2214
3233	2215
3232	2215
3232	2216
3230	2216
3230	2217
3229	2217
3229	2218
3228	2218
3228	2219
3227	2219
3227	2220
3226	2220
3226	2221
3224	2221
3224	2222
3223	2222
3223	2223
3222	2223
3222	2224
3221	2224
3221	2225
3220	2225
3220	2226
3219	2226
3219	2227
3217	2227
3217	2228
3216	2228
3216	2229
3215	2229
3215	2230
3214	2230
3214	2231
3212	2231
3212	2232
3211	2232
3211	2233
3209	2233
3209	2234
3208	2234
3208	2235
3206	2235
3206	2236
3205	2236
3205	2237
3203	2237
3203	2238
3202	2238
3202	2239
3201	2239
3201	2240
3199	2240
3199	2241
3197	2241
3197	2242
3196	2242
3196	2243
3194	2243
3194	2244
3193	2244
3193	2245
3192	2245
3192	2246
3191	2246
3191	2247
3189	2247
3189	2248
3187	2248
3187	2249
3185	2249
3185	2250
3184	2250
3184	2251
3182	2251
3182	2252
3181	2252
3181	2253
3179	2253
3179	2254
3177	2254
3177	2255
3176	2255
3176	2256
3175	2256
3175	2257
3174	2257
3174	2258
3173	2258
3173	2259
3171	2259
3171	2260
3169	2260
3169	2261
3168	2261
3168	2262
3167	2262
3167	2263
3165	2263
3165	2264
3164	2264
3164	2265
3163	2265
3163	2266
3162	2266
3162	2267
3160	2267
3160	2268
3159	2268
3159	2269
3157	2269
3157	2270
3156	2270
3156	2271
3155	2271
3155	2272
3153	2272
3153	2273
3152	2273
3152	2274
3150	2274
3150	2275
3149	2275
3149	2276
3147	2276
3147	2277
3145	2277
3145	2278
3143	2278
3143	2279
3141	2279
3141	2280
3139	2280
3139	2281
3138	2281
3138	2282
3136	2282
3136	2283
3134	2283
3134	2284
3133	2284
3133	2285
3132	2285
3132	2286
3131	2286
3131	2287
3129	2287
3129	2288
3128	2288
3128	2289
3127	2289
3127	2290
3126	2290
3126	2291
3125	2291
3125	2292
3123	2292
3123	2293
3122	2293
3122	2294
3121	2294
3121	2295
3120	2295
3120	2296
3118	2296
3118	2297
3117	2297
3117	2298
3116	2298
3116	2299
3114	2299
3114	2300
3113	2300
3113	2301
3111	2301
3111	2302
3110	2302
3110	2303
3108	2303
3108	2304
3107	2304
3107	2305
3105	2305
3105	2306
3103	2306
3103	2307
3101	2307
3101	2308
3099	2308
3099	2309
3098	2309
3098	2310
3096	2310
3096	2311
3095	2311
3095	2312
3094	2312
3094	2313
3092	2313
3092	2314
3091	2314
3091	2315
3089	2315
3089	2316
3088	2316
3088	2317
3087	2317
3087	2318
3086	2318
3086	2319
3084	2319
3084	2320
3083	2320
3083	2321
3081	2321
3081	2322
3080	2322
3080	2323
3079	2323
3079	2324
3077	2324
3077	2325
3076	2325
3076	2326
3074	2326
3074	2327
3072	2327
3072	2328
3071	2328
3071	2329
3069	2329
3069	2330
3067	2330
3067	2331
3066	2331
3066	2332
3064	2332
3064	2333
3063	2333
3063	2334
3061	2334
3061	2335
3059	2335
3059	2336
3058	2336
3058	2337
3056	2337
3056	2338
3055	2338
3055	2339
3053	2339
3053	2340
3051	2340
3051	2341
3050	2341
3050	2342
3049	2342
3049	2343
3047	2343
3047	2344
3045	2344
3045	2345
3044	2345
3044	2346
3042	2346
3042	2347
3040	2347
3040	2348
3039	2348
3039	2349
3037	2349
3037	2350
3035	2350
3035	2351
3034	2351
3034	2352
3032	2352
3032	2353
3031	2353
3031	2354
3029	2354
3029	2355
3027	2355
3027	2356
3026	2356
3026	2357
3024	2357
3024	2358
3023	2358
3023	2359
3022	2359
3022	2360
3021	2360
3021	2361
3019	2361
3019	2362
3018	2362
3018	2363
3017	2363
3017	2364
3016	2364
3016	2365
3015	2365
3015	2366
3014	2366
3014	2367
3013	2367
3013	2368
3012	2368
3012	2369
3011	2369
3011	2370
3009	2370
3009	2371
3008	2371
3008	2372
3007	2372
3007	2373
3005	2373
3005	2374
3004	2374
3004	2375
3002	2375
3002	2376
3001	2376
3001	2377
3000	2377
3000	2378
2998	2378
2998	2379
2997	2379
2997	2380
2995	2380
2995	2382
2994	2382
2994	2383
2993	2383
2993	2384
2991	2384
2991	2385
2989	2385
2989	2386
2988	2386
2988	2387
2986	2387
2986	2388
2985	2388
2985	2389
2984	2389
2984	2390
2982	2390
2982	2391
2981	2391
2981	2392
2980	2392
2980	2393
2978	2393
2978	2394
2977	2394
2977	2395
2975	2395
2975	2396
2974	2396
2974	2397
2973	2397
2973	2398
2971	2398
2971	2399
2970	2399
2970	2400
2968	2400
2968	2401
2967	2401
2967	2402
2965	2402
2965	2403
2964	2403
2964	2404
2963	2404
2963	2405
2962	2405
2962	2406
2961	2406
2961	2407
2959	2407
2959	2408
2958	2408
2958	2409
2957	2409
2957	2410
2955	2410
2955	2411
2954	2411
2954	2412
2952	2412
2952	2413
2950	2413
2950	2414
2948	2414
2948	2415
2947	2415
2947	2416
2945	2416
2945	2417
2944	2417
2944	2418
2942	2418
2942	2419
2940	2419
2940	2420
2938	2420
2938	2421
2937	2421
2937	2422
2935	2422
2935	2423
2933	2423
2933	2424
2932	2424
2932	2425
2930	2425
2930	2426
2928	2426
2928	2427
2926	2427
2926	2428
2925	2428
2925	2429
2922	2429
2922	2430
2921	2430
2921	2431
2919	2431
2919	2432
2917	2432
2917	2433
2915	2433
2915	2434
2914	2434
2914	2435
2913	2435
2913	2436
2912	2436
2912	2437
2910	2437
2910	2438
2909	2438
2909	2439
2908	2439
2908	2440
2906	2440
2906	2441
2904	2441
2904	2442
2903	2442
2903	2443
2902	2443
2902	2444
2900	2444
2900	2445
2899	2445
2899	2446
2896	2446
2896	2447
2894	2447
2894	2448
2892	2448
2892	2449
2890	2449
2890	2450
2888	2450
2888	2451
2887	2451
2887	2452
2884	2452
2884	2453
2882	2453
2882	2454
2879	2454
2879	2455
2878	2455
2878	2456
2875	2456
2875	2457
2873	2457
2873	2458
2870	2458
2870	2459
2864	2459
2864	2460
2855	2460
2855	2459
2852	2459
2852	2458
2850	2458
2850	2457
2849	2457
2849	2456
2851	2456
2851	2454
2850	2454
2850	2455
2847	2455
2847	2456
2846	2456
2846	2446
2847	2446
2847	2443
2848	2443
2848	2440
2849	2440
2849	2438
2850	2438
2850	2435
2851	2435
2851	2433
2852	2433
2852	2431
2853	2431
2853	2430
2854	2430
2854	2428
2855	2428
2855	2427
2856	2427
2856	2426
2857	2426
2857	2424
2858	2424
2858	2422
2859	2422
2859	2421
2860	2421
2860	2420
2861	2420
2861	2419
2862	2419
2862	2417
2863	2417
2863	2416
2864	2416
2864	2415
2865	2415
2865	2414
2866	2414
2866	2412
2867	2412
2867	2411
2868	2411
2868	2410
2869	2410
2869	2408
2870	2408
2870	2407
2871	2407
2871	2406
2872	2406
2872	2405
2873	2405
2873	2404
2874	2404
2874	2403
2875	2403
2875	2402
2876	2402
2876	2401
2877	2401
2877	2400
2878	2400
2878	2398
2880	2398
2880	2396
2881	2396
2881	2395
2883	2395
2883	2394
2884	2394
2884	2393
2885	2393
2885	2392
2886	2392
2886	2391
2887	2391
2887	2390
2889	2390
2889	2389
2890	2389
2890	2388
2891	2388
2891	2387
2892	2387
2892	2386
2893	2386
2893	2385
2894	2385
2894	2384
2895	2384
2895	2383
2896	2383
2896	2382
2897	2382
2897	2381
2898	2381
2898	2380
2899	2380
2899	2379
2900	2379
2900	2378
2902	2378
2902	2377
2903	2377
2903	2376
2904	2376
2904	2375
2905	2375
2905	2374
2906	2374
2906	2373
2907	2373
2907	2372
2908	2372
2908	2371
2909	2371
2909	2370
2910	2370
2910	2369
2911	2369
2911	2368
2912	2368
2912	2367
2913	2367
2913	2366
2914	2366
2914	2365
2916	2365
2916	2364
2917	2364
2917	2363
2918	2363
2918	2362
2919	2362
2919	2361
2920	2361
2920	2360
2921	2360
2921	2359
2922	2359
2922	2358
2923	2358
2923	2357
2924	2357
2924	2356
2925	2356
2925	2355
2927	2355
2927	2354
2928	2354
2928	2352
2929	2352
2929	2351
2930	2351
2930	2350
2932	2350
2932	2349
2933	2349
2933	2348
2934	2348
2934	2347
2935	2347
2935	2346
2936	2346
2936	2345
2938	2345
2938	2344
2939	2344
2939	2343
2940	2343
2940	2342
2941	2342
2941	2341
2943	2341
2943	2340
2944	2340
2944	2339
2945	2339
2945	2338
2946	2338
2946	2337
2948	2337
2948	2336
2949	2336
2949	2335
2951	2335
2951	2334
2952	2334
2952	2333
2953	2333
2953	2332
2954	2332
2954	2331
2956	2331
2956	2330
2957	2330
2957	2329
2958	2329
2958	2328
2959	2328
2959	2327
2961	2327
2961	2326
2962	2326
2962	2325
2963	2325
2963	2324
2965	2324
2965	2323
2967	2323
2967	2322
2968	2322
2968	2321
2970	2321
2970	2320
2971	2320
2971	2319
2972	2319
2972	2318
2973	2318
2973	2317
2975	2317
2975	2316
2976	2316
2976	2315
2977	2315
2977	2314
2978	2314
2978	2313
2980	2313
2980	2312
2981	2312
2981	2311
2982	2311
2982	2310
2984	2310
2984	2309
2986	2309
2986	2308
2987	2308
2987	2307
2989	2307
2989	2306
2990	2306
2990	2305
2992	2305
2992	2304
2994	2304
2994	2303
2995	2303
2995	2302
2997	2302
2997	2301
2999	2301
2999	2300
3000	2300
3000	2299
3002	2299
3002	2298
3003	2298
3003	2297
3004	2297
3004	2296
3005	2296
3005	2295
3006	2295
3006	2294
3007	2294
3007	2292
3008	2292
3008	2291
3009	2291
3009	2290
3010	2290
3010	2289
3011	2289
3011	2287
3012	2287
3012	2286
3013	2286
3013	2285
3014	2285
3014	2284
3015	2284
3015	2283
3016	2283
3016	2282
3017	2282
3017	2281
3018	2281
3018	2280
3019	2280
3019	2279
3021	2279
3021	2278
3022	2278
3022	2277
3023	2277
3023	2276
3024	2276
3024	2275
3025	2275
3025	2274
3027	2274
3027	2273
3028	2273
3028	2272
3029	2272
3029	2271
3030	2271
3030	2270
3032	2270
3032	2269
3033	2269
3033	2268
3034	2268
3034	2267
3035	2267
3035	2266
3037	2266
3037	2265
3038	2265
3038	2264
3039	2264
3039	2263
3041	2263
3041	2262
3042	2262
3042	2261
3043	2261
3043	2260
3044	2260
3044	2259
3045	2259
3045	2258
3047	2258
3047	2257
3048	2257
3048	2256
3049	2256
3049	2255
3050	2255
3050	2254
3051	2254
3051	2253
3053	2253
3053	2252
3054	2252
3054	2251
3055	2251
3055	2249
3056	2249
3056	2248
3057	2248
3057	2247
3058	2247
3058	2246
3059	2246
3059	2245
3060	2245
3060	2244
3061	2244
3061	2243
3063	2243
3063	2242
3064	2242
3064	2240
3065	2240
3065	2239
3066	2239
3066	2238
3067	2238
3067	2237
3068	2237
3068	2236
3069	2236
3069	2235
3070	2235
3070	2234
3071	2234
3071	2233
3072	2233
3072	2232
3073	2232
3073	2231
3074	2231
3074	2230
3075	2230
3075	2229
3076	2229
3076	2228
3078	2228
3078	2227
3079	2227
3079	2226
3080	2226
3080	2225
3081	2225
3081	2224
3082	2224
3082	2223
3083	2223
3083	2222
3084	2222
3084	2221
3085	2221
3085	2220
3087	2220
3087	2219
3088	2219
3088	2218
3089	2218
3089	2217
3090	2217
3090	2216
3091	2216
3091	2215
3092	2215
3092	2214
3093	2214
3093	2213
3094	2213
3094	2212
3096	2212
3096	2211
3097	2211
3097	2209
3098	2209
3098	2208
3100	2208
3100	2207
3101	2207
3101	2206
3102	2206
3102	2205
3104	2205
3104	2204
3105	2204
3105	2203
3106	2203
3106	2202
3107	2202
3107	2201
3108	2201
3108	2200
3109	2200
3109	2199
3110	2199
3110	2198
3112	2198
3112	2197
3113	2197
3113	2195
3114	2195
3114	2194
3116	2194
3116	2193
3117	2193
3117	2192
3118	2192
3118	2191
3121	2191
3121	2190
3122	2190
3122	2189
3123	2189
3123	2188
3124	2188
3124	2187
3126	2187
3126	2186
3127	2186
3127	2185
3129	2185
3129	2184
3130	2184
3130	2183
3131	2183
3131	2182
3133	2182
3133	2181
3134	2181
3134	2180
3135	2180
3135	2179
3137	2179
3137	2178
3139	2178
3139	2177
3140	2177
3140	2176
3142	2176
3142	2175
3143	2175
3143	2174
3144	2174
3144	2173
3146	2173
3146	2172
3147	2172
3147	2171
3148	2171
3148	2170
3149	2170
3149	2169
3150	2169
3150	2168
3152	2168
3152	2167
3153	2167
3153	2166
3154	2166
3154	2165
3155	2165
3155	2164
3157	2164
3157	2163
3158	2163
3158	2162
3159	2162
3159	2161
3160	2161
3160	2160
3161	2160
3161	2159
3163	2159
3163	2158
3164	2158
3164	2157
3166	2157
3166	2156
3167	2156
3167	2155
3169	2155
3169	2154
3170	2154
3170	2153
3172	2153
3172	2152
3173	2152
3173	2151
3175	2151
3175	2150
3176	2150
3176	2149
3177	2149
3177	2148
3178	2148
3178	2147
3180	2147
3180	2146
3182	2146
3182	2145
3183	2145
3183	2144
3185	2144
3185	2143
3186	2143
3186	2142
3188	2142
3188	2141
3190	2141
3190	2140
3192	2140
3192	2139
3193	2139
3193	2138
3195	2138
3195	2137
3196	2137
3196	2136
3198	2136
3198	2135
3200	2135
3200	2134
3201	2134
3201	2133
3202	2133
3202	2132
3204	2132
3204	2131
3205	2131
3205	2130
3206	2130
3206	2129
3208	2129
3208	2128
3209	2128
3209	2127
3210	2127
3210	2126
3212	2126
3212	2125
3214	2125
3214	2124
3215	2124
3215	2123
3216	2123
3216	2122
3218	2122
3218	2121
3219	2121
3219	2120
3220	2120
3220	2119
3221	2119
3221	2118
3223	2118
3223	2117
3224	2117
3224	2116
3226	2116
3226	2115
3227	2115
3227	2114
3228	2114
3228	2113
3230	2113
3230	2112
3232	2112
3232	2111
3233	2111
3233	2110
3235	2110
3235	2109
3236	2109
3236	2108
3238	2108
3238	2107
3240	2107
3240	2106
3242	2106
3242	2105
3243	2105
3243	2104
3245	2104
3245	2103
3247	2103
3247	2102
3249	2102
3249	2101
3250	2101
3250	2100
3252	2100
3252	2099
3253	2099
3253	2098
3254	2098
3254	2097
3255	2097
3255	2096
3257	2096
3257	2095
3258	2095
3258	2094
3259	2094
3259	2093
3260	2093
3260	2092
3261	2092
3261	2091
3262	2091
3262	2090
3263	2090
3263	2089
3265	2089
3265	2088
3266	2088
3266	2087
3267	2087
3267	2086
3268	2086
3268	2085
3269	2085
3269	2084
3270	2084
3270	2083
3272	2083
3272	2082
3274	2082
3274	2081
3275	2081
3275	2080
3276	2080
3276	2079
3278	2079
3278	2078
3279	2078
3279	2077
3281	2077
3281	2076
3282	2076
3282	2075
3284	2075
3284	2074
3285	2074
3285	2073
3286	2073
3286	2072
3288	2072
3288	2071
3290	2071
3290	2070
3292	2070
3292	2069
3293	2069
3293	2068
3295	2068
3295	2067
3297	2067
3297	2066
3300	2066
3300	2065
3302	2065
3302	2064
3304	2064
3304	2063
3307	2063
3307	2062
3309	2062
3309	2061
3312	2061
3312	2060
3314	2060
3314	2059
3317	2059
3317	2058
3319	2058
3319	2057
3321	2057
3321	2056
3323	2056
3323	2055
3325	2055
3325	2054
3327	2054
3327	2053
3329	2053
3329	2052
3330	2052
3330	2051
3332	2051
3332	2050
3333	2050
3333	2049
3335	2049
3335	2048
3336	2048
3336	2046
3337	2046
3337	2045
3338	2045
3338	2044
3339	2044
3339	2043
3340	2043
3340	2042
3341	2042
3341	2041
3342	2041
3342	2039
3343	2039
3343	2036
3344	2036
3344	2034
3342	2034
3342	2033
3340	2033
3340	2032
3339	2032
3339	2030
3337	2030
3337	2029
3336	2029
3336	2028
3335	2028
3335	2027
3332	2027
3332	2026
3325	2026
3325	2023
3324	2023
3324	2022
3320	2022
3320	2023
3316	2023
3316	2022
3312	2022
3312	2021
3309	2021
3309	2020
3305	2020
3305	2019
3303	2019
3303	2018
3301	2018
3301	2017
3298	2017
3298	2016
3295	2016
3295	2015
3293	2015
3293	2014
3288	2014
3288	2013
3284	2013
3284	2012
3280	2012
3280	2011
3278	2011
3278	2010
3276	2010
3276	2009
3274	2009
3274	2008
3270	2008
3270	2007
3268	2007
3268	2006
3265	2006
3265	2005
3263	2005
3263	2004
3260	2004
3260	2003
3258	2003
3258	2002
3254	2002
3254	2001
3252	2001
3252	2000
3249	2000
3249	1999
3242	1999
3242	1998
3236	1998
3236	1997
3233	1997
3233	1996
3230	1996
3230	1995
3227	1995
3227	1994
3225	1994
3225	1993
3223	1993
3223	1992
3220	1992
3220	1991
3217	1991
3217	1990
3214	1990
3214	1989
3211	1989
3211	1988
3208	1988
3208	1987
3206	1987
3206	1986
3203	1986
3203	1985
3202	1985
3202	1984
3200	1984
3200	1983
3197	1983
3197	1982
3194	1982
3194	1981
3190	1981
3190	1980
3186	1980
3186	1979
3181	1979
3181	1978
3177	1978
3177	1977
3174	1977
3174	1976
3171	1976
3171	1975
3166	1975
3166	1974
3162	1974
3162	1973
3160	1973
3160	1972
3158	1972
3158	1971
3155	1971
3155	1970
3152	1970
3152	1969
3149	1969
3149	1968
3146	1968
3146	1967
3142	1967
3142	1966
3139	1966
3139	1965
3136	1965
3136	1964
3132	1964
3132	1963
3129	1963
3129	1962
3126	1962
3126	1961
3123	1961
3123	1960
3121	1960
3121	1959
3118	1959
3118	1958
3115	1958
3115	1957
3113	1957
3113	1956
3109	1956
3109	1955
3106	1955
3106	1954
3104	1954
3104	1953
3100	1953
3100	1952
3098	1952
3098	1951
3096	1951
3096	1950
3093	1950
3093	1949
3091	1949
3091	1948
3089	1948
3089	1947
3087	1947
3087	1946
3085	1946
3085	1945
3083	1945
3083	1944
3081	1944
3081	1943
3080	1943
3080	1942
3078	1942
3078	1941
3076	1941
3076	1940
3074	1940
3074	1939
3072	1939
3072	1938
3071	1938
3071	1937
3068	1937
3068	1936
3067	1936
3067	1935
3065	1935
3065	1934
3062	1934
3062	1933
3059	1933
3059	1932
3057	1932
3057	1931
3054	1931
3054	1930
3051	1930
3051	1929
3048	1929
3048	1928
3046	1928
3046	1927
3043	1927
3043	1926
3041	1926
3041	1925
3038	1925
3038	1924
3036	1924
3036	1923
3034	1923
3034	1922
3032	1922
3032	1921
3029	1921
3029	1920
3026	1920
3026	1919
3023	1919
3023	1918
3021	1918
3021	1917
3018	1917
3018	1916
3016	1916
3016	1915
3013	1915
3013	1914
3011	1914
3011	1913
3008	1913
3008	1912
3006	1912
3006	1911
3004	1911
3004	1910
3002	1910
3002	1909
2999	1909
2999	1908
2996	1908
2996	1907
2995	1907
2995	1906
2993	1906
2993	1905
2990	1905
2990	1904
2988	1904
2988	1903
2986	1903
2986	1902
2984	1902
2984	1901
2982	1901
2982	1900
2980	1900
2980	1899
2977	1899
2977	1898
2976	1898
2976	1897
2973	1897
2973	1896
2971	1896
2971	1895
2969	1895
2969	1894
2967	1894
2967	1893
2965	1893
2965	1892
2964	1892
2964	1891
2961	1891
2961	1890
2959	1890
2959	1889
2956	1889
2956	1888
2954	1888
2954	1887
2952	1887
2952	1886
2950	1886
2950	1885
2947	1885
2947	1884
2944	1884
2944	1883
2941	1883
2941	1882
2939	1882
2939	1881
2936	1881
2936	1880
2932	1880
2932	1879
2929	1879
2929	1878
2927	1878
2927	1877
2925	1877
2925	1876
2922	1876
2922	1875
2920	1875
2920	1874
2918	1874
2918	1873
2915	1873
2915	1872
2913	1872
2913	1871
2911	1871
2911	1870
2909	1870
2909	1869
2907	1869
2907	1868
2906	1868
2906	1867
2903	1867
2903	1866
2901	1866
2901	1865
2899	1865
2899	1864
2896	1864
2896	1863
2893	1863
2893	1862
2891	1862
2891	1861
2887	1861
2887	1860
2884	1860
2884	1859
2881	1859
2881	1858
2877	1858
2877	1857
2873	1857
2873	1856
2869	1856
2869	1855
2865	1855
2865	1854
2863	1854
2863	1853
2860	1853
2860	1852
2858	1852
2858	1851
2856	1851
2856	1850
2853	1850
2853	1849
2850	1849
2850	1848
2847	1848
2847	1847
2844	1847
2844	1846
2841	1846
2841	1845
2836	1845
2836	1844
2834	1844
2834	1843
2831	1843
2831	1842
2828	1842
2828	1841
2825	1841
2825	1840
2823	1840
2823	1839
2821	1839
2821	1838
2819	1838
2819	1837
2816	1837
2816	1836
2814	1836
2814	1835
2812	1835
2812	1834
2809	1834
2809	1833
2806	1833
2806	1832
2802	1832
2802	1831
2799	1831
2799	1830
2797	1830
2797	1829
2794	1829
2794	1828
2792	1828
2792	1827
2790	1827
2790	1826
2788	1826
2788	1825
2786	1825
2786	1824
2785	1824
2785	1823
2783	1823
2783	1822
2780	1822
2780	1821
2778	1821
2778	1820
2776	1820
2776	1819
2773	1819
2773	1818
2771	1818
2771	1817
2768	1817
2768	1816
2766	1816
2766	1815
2763	1815
2763	1814
2761	1814
2761	1813
2759	1813
2759	1812
2756	1812
2756	1811
2754	1811
2754	1810
2751	1810
2751	1809
2749	1809
2749	1808
2747	1808
2747	1807
2744	1807
2744	1806
2742	1806
2742	1805
2739	1805
2739	1804
2735	1804
2735	1803
2733	1803
2733	1802
2729	1802
2729	1801
2726	1801
2726	1800
2723	1800
2723	1799
2721	1799
2721	1798
2718	1798
2718	1797
2715	1797
2715	1796
2712	1796
2712	1795
2709	1795
2709	1794
2706	1794
2706	1793
2704	1793
2704	1792
2701	1792
2701	1791
2698	1791
2698	1790
2695	1790
2695	1789
2691	1789
2691	1788
2688	1788
2688	1787
2685	1787
2685	1786
2682	1786
2682	1785
2678	1785
2678	1784
2675	1784
2675	1783
2671	1783
2671	1782
2668	1782
2668	1781
2662	1781
2662	1780
2658	1780
2658	1779
2654	1779
2654	1778
2651	1778
2651	1777
2648	1777
2648	1776
2646	1776
2646	1775
2643	1775
2643	1774
2640	1774
2640	1773
2638	1773
2638	1772
2635	1772
2635	1771
2633	1771
2633	1770
2630	1770
2630	1769
2627	1769
2627	1768
2624	1768
2624	1767
2621	1767
2621	1766
2617	1766
2617	1765
2614	1765
2614	1764
2611	1764
2611	1763
2608	1763
2608	1762
2606	1762
2606	1761
2604	1761
2604	1760
2602	1760
2602	1759
2600	1759
2600	1758
2597	1758
2597	1757
2595	1757
2595	1756
2593	1756
2593	1755
2590	1755
2590	1754
2588	1754
2588	1753
2586	1753
2586	1752
2583	1752
2583	1751
2579	1751
2579	1750
2574	1750
2574	1749
2568	1749
2568	1748
2565	1748
2565	1747
2561	1747
2561	1746
2557	1746
2557	1745
2552	1745
2552	1744
2549	1744
2549	1743
2545	1743
2545	1742
2542	1742
2542	1741
2539	1741
2539	1740
2536	1740
2536	1739
2532	1739
2532	1738
2529	1738
2529	1737
2525	1737
2525	1736
2521	1736
2521	1735
2518	1735
2518	1734
2515	1734
2515	1733
2512	1733
2512	1732
2508	1732
2508	1731
2506	1731
2506	1730
2503	1730
2503	1729
2501	1729
2501	1728
2498	1728
2498	1727
2494	1727
2494	1726
2491	1726
2491	1725
2487	1725
2487	1724
2484	1724
2484	1723
2480	1723
2480	1722
2476	1722
2476	1721
2474	1721
2474	1720
2470	1720
2470	1719
2466	1719
2466	1718
2460	1718
2460	1717
2456	1717
2456	1716
2452	1716
2452	1715
2448	1715
2448	1714
2443	1714
2443	1713
2440	1713
2440	1712
2437	1712
2437	1711
2434	1711
2434	1710
2429	1710
2429	1709
2425	1709
2425	1708
2423	1708
2423	1707
2420	1707
2420	1706
2418	1706
2418	1705
2416	1705
2416	1704
2413	1704
2413	1703
2411	1703
2411	1702
2409	1702
2409	1701
2406	1701
2406	1700
2404	1700
2404	1699
2402	1699
2402	1698
2400	1698
2400	1697
2398	1697
2398	1696
2395	1696
2395	1695
2393	1695
2393	1694
2391	1694
2391	1693
2390	1693
2390	1692
2388	1692
2388	1691
2386	1691
2386	1690
2384	1690
2384	1689
2383	1689
2383	1688
2381	1688
2381	1687
2380	1687
2380	1686
2378	1686
2378	1685
2375	1685
2375	1684
2373	1684
2373	1683
2371	1683
2371	1682
2369	1682
2369	1681
2366	1681
2366	1680
2364	1680
2364	1679
2361	1679
2361	1678
2359	1678
2359	1677
2358	1677
2358	1676
2356	1676
2356	1675
2354	1675
2354	1674
2352	1674
2352	1673
2351	1673
2351	1672
2349	1672
2349	1671
2347	1671
2347	1670
2345	1670
2345	1669
2344	1669
2344	1668
2342	1668
2342	1667
2340	1667
2340	1666
2339	1666
2339	1665
2338	1665
2338	1664
2336	1664
2336	1662
2335	1662
2335	1661
2334	1661
2334	1659
2333	1659
2333	1658
2332	1658
2332	1656
2331	1656
2331	1650
2337	1650
2337	1649
2335	1649
2335	1648
2329	1648
2329	1644
2330	1644
2330	1642
2331	1642
2331	1639
2332	1639
2332	1637
2333	1637
2333	1635
2334	1635
2334	1634
2335	1634
2335	1633
2337	1633
2337	1632
2338	1632
2338	1631
2339	1631
2339	1630
2341	1630
2341	1629
2343	1629
2343	1628
2345	1628
2345	1627
2347	1627
2347	1626
2350	1626
2350	1625
2353	1625
2353	1624
2358	1624
2358	1623
2394	1623
2394	1622
2408	1622
2408	1621
2411	1621
2411	1622
2424	1622
2424	1623
2433	1623
2433	1624
2440	1624
2440	1625
2447	1625
2447	1626
2451	1626
2451	1627
2455	1627
2455	1628
2459	1628
2459	1629
2464	1629
2464	1630
2468	1630
2468	1631
2472	1631
2472	1632
2475	1632
2475	1633
2478	1633
2478	1634
2483	1634
2483	1635
2486	1635
2486	1636
2489	1636
2489	1637
2492	1637
2492	1638
2495	1638
2495	1639
2500	1639
2500	1640
2503	1640
2503	1641
2506	1641
2506	1642
2511	1642
2511	1643
2515	1643
2515	1644
2521	1644
2521	1645
2526	1645
2526	1646
2528	1646
2528	1647
2532	1647
2532	1648
2535	1648
2535	1649
2538	1649
2538	1650
2541	1650
2541	1651
2543	1651
2543	1652
2548	1652
2548	1653
2552	1653
2552	1654
2554	1654
2554	1655
2558	1655
2558	1656
2562	1656
2562	1657
2565	1657
2565	1658
2569	1658
2569	1659
2574	1659
2574	1660
2578	1660
2578	1661
2582	1661
2582	1662
2585	1662
2585	1663
2588	1663
2588	1664
2590	1664
2590	1665
2593	1665
2593	1666
2596	1666
2596	1667
2600	1667
2600	1668
2603	1668
2603	1669
2607	1669
2607	1670
2611	1670
2611	1671
2614	1671
2614	1672
2618	1672
2618	1673
2623	1673
2623	1674
2626	1674
2626	1675
2633	1675
2633	1676
2639	1676
2639	1677
2640	1677
2640	1678
2644	1678
2644	1679
2648	1679
2648	1678
2649	1678
2649	1679
2650	1679
2650	1680
2654	1680
2654	1681
2659	1681
2659	1682
2662	1682
2662	1683
2665	1683
2665	1684
2671	1684
2671	1685
2672	1685
2672	1686
2676	1686
2676	1687
2680	1687
2680	1688
2684	1688
2684	1689
2690	1689
2690	1688
2691	1688
2691	1689
2696	1689
2696	1690
2700	1690
2700	1691
2705	1691
2705	1692
2709	1692
2709	1693
2712	1693
2712	1694
2715	1694
2715	1695
2718	1695
2718	1696
2721	1696
2721	1697
2724	1697
2724	1698
2726	1698
2726	1699
2730	1699
2730	1700
2733	1700
2733	1701
2737	1701
2737	1702
2740	1702
2740	1703
2743	1703
2743	1704
2747	1704
2747	1705
2750	1705
2750	1706
2753	1706
2753	1707
2756	1707
2756	1708
2759	1708
2759	1709
2762	1709
2762	1710
2765	1710
2765	1711
2767	1711
2767	1712
2771	1712
2771	1713
2774	1713
2774	1714
2776	1714
2776	1715
2779	1715
2779	1716
2784	1716
2784	1717
2785	1717
2785	1718
2786	1718
2786	1719
2789	1719
2789	1720
2793	1720
2793	1721
2797	1721
2797	1722
2801	1722
2801	1723
2805	1723
2805	1724
2810	1724
2810	1725
2818	1725
2818	1726
2823	1726
2823	1727
2827	1727
2827	1728
2830	1728
2830	1729
2834	1729
2834	1730
2836	1730
2836	1731
2840	1731
2840	1732
2843	1732
2843	1733
2846	1733
2846	1734
2849	1734
2849	1735
2852	1735
2852	1736
2855	1736
2855	1737
2857	1737
2857	1738
2859	1738
2859	1739
2862	1739
2862	1740
2864	1740
2864	1741
2867	1741
2867	1742
2869	1742
2869	1743
2871	1743
2871	1744
2875	1744
2875	1745
2876	1745
2876	1746
2879	1746
2879	1747
2880	1747
2880	1748
2883	1748
2883	1749
2884	1749
2884	1750
2886	1750
2886	1751
2888	1751
2888	1752
2891	1752
2891	1753
2893	1753
2893	1754
2896	1754
2896	1755
2898	1755
2898	1756
2901	1756
2901	1757
2903	1757
2903	1758
2906	1758
2906	1759
2908	1759
2908	1760
2911	1760
2911	1761
2913	1761
2913	1762
2915	1762
2915	1763
2917	1763
2917	1764
2919	1764
2919	1765
2922	1765
2922	1766
2925	1766
2925	1767
2927	1767
2927	1768
2930	1768
2930	1769
2932	1769
2932	1770
2936	1770
2936	1771
2941	1771
2941	1772
2944	1772
2944	1773
2947	1773
2947	1774
2950	1774
2950	1775
2953	1775
2953	1776
2955	1776
2955	1777
2958	1777
2958	1778
2961	1778
2961	1779
2964	1779
2964	1780
2967	1780
2967	1781
2970	1781
2970	1782
2973	1782
2973	1783
2976	1783
2976	1784
2980	1784
2980	1785
2981	1785
2981	1786
2984	1786
2984	1787
2987	1787
2987	1788
2989	1788
2989	1789
2991	1789
2991	1790
2992	1790
2992	1789
2993	1789
2993	1790
2995	1790
2995	1791
2998	1791
2998	1792
3001	1792
3001	1793
3004	1793
3004	1794
3006	1794
3006	1795
3008	1795
3008	1796
3010	1796
3010	1797
3012	1797
3012	1798
3015	1798
3015	1799
3017	1799
3017	1800
3020	1800
3020	1801
3022	1801
3022	1802
3024	1802
3024	1803
3026	1803
3026	1804
3029	1804
3029	1805
3031	1805
3031	1806
3033	1806
3033	1807
3035	1807
3035	1808
3037	1808
3037	1809
3039	1809
3039	1810
3042	1810
3042	1811
3045	1811
3045	1812
3047	1812
3047	1813
3050	1813
3050	1814
3053	1814
3053	1815
3056	1815
3056	1816
3059	1816
3059	1817
3062	1817
3062	1818
3064	1818
3064	1819
3067	1819
3067	1820
3070	1820
3070	1821
3072	1821
3072	1822
3075	1822
3075	1823
3078	1823
3078	1824
3081	1824
3081	1825
3083	1825
3083	1826
3086	1826
3086	1827
3088	1827
3088	1828
3090	1828
3090	1829
3093	1829
3093	1830
3096	1830
3096	1831
3098	1831
3098	1832
3101	1832
3101	1833
3104	1833
3104	1834
3107	1834
3107	1835
3110	1835
3110	1836
3113	1836
3113	1837
3115	1837
3115	1838
3118	1838
3118	1839
3120	1839
3120	1840
3124	1840
3124	1841
3125	1841
3125	1842
3128	1842
3128	1843
3131	1843
3131	1844
3133	1844
3133	1845
3135	1845
3135	1846
3136	1846
3136	1847
3139	1847
3139	1848
3140	1848
3140	1849
3143	1849
3143	1850
3144	1850
3144	1851
3147	1851
3147	1852
3149	1852
3149	1853
3151	1853
3151	1854
3152	1854
3152	1855
3155	1855
3155	1856
3157	1856
3157	1857
3159	1857
3159	1858
3161	1858
3161	1859
3163	1859
3163	1860
3165	1860
3165	1861
3166	1861
3166	1862
3168	1862
3168	1863
3170	1863
3170	1864
3172	1864
3172	1865
3175	1865
3175	1866
3177	1866
3177	1867
3179	1867
3179	1868
3181	1868
3181	1869
3183	1869
3183	1870
3185	1870
3185	1871
3187	1871
3187	1872
3190	1872
3190	1873
3192	1873
3192	1874
3194	1874
3194	1875
3196	1875
3196	1876
3198	1876
3198	1877
3200	1877
3200	1878
3201	1878
3201	1879
3203	1879
3203	1880
3205	1880
3205	1881
3207	1881
3207	1882
3208	1882
3208	1883
3210	1883
3210	1884
3212	1884
3212	1885
3214	1885
3214	1886
3215	1886
3215	1887
3217	1887
3217	1888
3218	1888
3218	1889
3219	1889
3219	1890
3221	1890
3221	1891
3222	1891
3222	1892
3224	1892
3224	1893
3225	1893
3225	1894
3227	1894
3227	1895
3228	1895
3228	1896
3230	1896
3230	1897
3232	1897
3232	1898
3233	1898
3233	1899
3235	1899
3235	1900
3237	1900
3237	1901
3239	1901
3239	1902
3241	1902
3241	1903
3243	1903
3243	1904
3244	1904
3244	1905
3246	1905
3246	1906
3248	1906
3248	1907
3249	1907
3249	1908
3251	1908
3251	1909
3252	1909
3252	1910
3253	1910
3253	1911
3254	1911
3254	1912
3256	1912
3256	1913
3257	1913
3257	1914
3259	1914
3259	1915
3260	1915
3260	1916
3262	1916
3262	1917
3264	1917
3264	1918
3266	1918
3266	1919
3268	1919
3268	1920
3270	1920
3270	1921
3272	1921
3272	1922
3274	1922
3274	1923
3276	1923
3276	1924
3278	1924
3278	1925
3279	1925
3279	1926
3281	1926
3281	1927
3283	1927
3283	1928
3285	1928
3285	1929
3286	1929
3286	1930
3287	1930
3287	1931
3290	1931
3290	1932
3291	1932
3291	1933
3293	1933
3293	1934
3295	1934
3295	1935
3297	1935
3297	1936
3299	1936
3299	1937
3300	1937
3300	1938
3302	1938
3302	1939
3304	1939
3304	1940
3305	1940
3305	1941
3306	1941
3306	1942
3307	1942
3307	1943
3309	1943
3309	1944
3310	1944
3310	1945
3312	1945
3312	1946
3314	1946
3314	1947
3315	1947
3315	1948
3317	1948
3317	1949
3319	1949
3319	1950
3320	1950
3320	1951
3322	1951
3322	1952
3323	1952
3323	1953
3326	1953
3326	1954
3328	1954
3328	1955
3329	1955
3329	1956
3331	1956
3331	1957
3333	1957
3333	1958
3334	1958
3334	1959
3336	1959
3336	1960
3338	1960
3338	1961
3339	1961
3339	1962
3341	1962
3341	1963
3343	1963
3343	1964
3345	1964
3345	1965
3347	1965
3347	1966
3349	1966
3349	1967
3351	1967
3351	1968
3353	1968
3353	1969
3355	1969
3355	1970
3360	1970
3360	1971
3362	1971
3362	1972
3364	1972
3364	1973
3365	1973
3365	1974
3367	1974
3367	1975
3368	1975
3368	1976
3370	1976
3370	1977
3372	1977
3372	1978
3375	1978
3375	1979
3377	1979
3377	1980
3379	1980
3379	1981
3381	1981
3381	1982
3384	1982
3384	1983
3386	1983
3386	1984
3387	1984
3387	1985
3389	1985
3389	1986
3390	1986
3390	1987
3393	1987
3393	1988
3395	1988
3395	1989
3397	1989
3397	1990
3400	1990
3400	1991
3405	1991
3405	1990
3406	1990
3406	1989
3407	1989
3407	1987
3408	1987
3408	1985
3409	1985
3409	1983
3410	1983
3410	1944
3412	1944
3412	1943
3413	1943
3413	1942
3410	1942
3410	1941
3409	1941
3409	1940
3410	1940
3410	1929
3409	1929
3409	1921
3410	1921
3410	1919
3409	1919
3409	1911
3408	1911
3408	1903
3407	1903
3407	1898
3406	1898
3406	1889
3405	1889
3405	1886
3406	1886
3406	1879
3405	1879
3405	1873
3404	1873
3404	1867
3403	1867
3403	1863
3402	1863
3402	1846
3401	1846
3401	1822
3402	1822
3402	1818
3401	1818
3401	1816
3402	1816
3402	1815
3401	1815
3401	1804
3400	1804
3400	1803
3401	1803
3401	1802
3400	1802
3400	1795
3399	1795
3399	1787
3398	1787
3398	1764
3397	1764
3397	1755
3396	1755
3396	1746
3395	1746
3395	1732
3394	1732
3394	1718
3393	1718
3393	1708
3392	1708
3392	1705
3391	1705
3391	1698
3390	1698
3390	1691
3392	1691
3392	1689
3391	1689
3391	1688
3390	1688
3390	1660
3391	1660
3391	1649
3392	1649
3392	1638
3393	1638
3393	1635
3392	1635
3392	1633
3393	1633
3393	1627
3392	1627
3392	1616
3393	1616
3393	1593
3392	1593
3392	1586
3393	1586
3393	1571
3394	1571
3394	1538
3395	1538
3395	1529
3396	1529
3396	1525
3397	1525
3397	1521
3398	1521
3398	1505
3399	1505
3399	1503
3398	1503
3398	1485
3399	1485
3399	1472
3400	1472
3400	1467
3401	1467
3401	1456
3402	1456
3402	1431
3403	1431
3403	1422
3404	1422
3404	1417
3405	1417
3405	1408
3406	1408
3406	1402
3407	1402
3407	1397
3408	1397
3408	1392
3409	1392
3409	1388
3410	1388
3410	1382
3411	1382
3411	1373
3412	1373
3412	1364
3413	1364
3413	1356
3414	1356
3414	1344
3415	1344
3415	1297
3416	1297
3416	1268
3417	1268
3417	1261
3418	1261
3418	1247
3419	1247
3419	1236
3420	1236
3420	1235
3419	1235
3419	1211
3420	1211
3420	1201
3421	1201
3421	1195
3422	1195
3422	1188
3423	1188
3423	1178
3424	1178
3424	1171
3425	1171
3425	1156
3426	1156
3426	1148
3427	1148
3427	1126
3428	1126
3428	1115
3429	1115
3429	1076
3430	1076
3430	1069
3431	1069
3431	1058
3432	1058
3432	1052
3433	1052
3433	1026
3434	1026
3434	1018
3435	1018
3435	1010
3436	1010
3436	997
3437	997
3437	964
3438	964
3438	954
3439	954
3439	948
3440	948
3440	940
3441	940
3441	922
3442	922
3442	914
3443	914
3443	909
3444	909
3444	907
3443	907
3443	905
3444	905
3444	894
3445	894
3445	882
3446	882
3446	874
3447	874
3447	864
3448	864
3448	856
3449	856
3449	846
3450	846
3450	835
3451	835
3451	825
3452	825
3452	803
3453	803
3453	790
3454	790
3454	780
3455	780
3455	773
3456	773
3456	767
3457	767
3457	763
3458	763
3458	760
3459	760
3459	756
3460	756
3460	751
3461	751
3461	747
3462	747
3462	742
3463	742
3463	737
3464	737
3464	733
3465	733
3465	730
3466	730
3466	727
3467	727
3467	723
3468	723
3468	720
3469	720
3469	716
3470	716
3470	710
3471	710
3471	705
3472	705
3472	703
3473	703
3473	699
3474	699
3474	694
3475	694
3475	689
3476	689
3476	685
3477	685
3477	682
3478	682
3478	679
3479	679
3479	674
3480	674
3480	664
3481	664
3481	660
3482	660
3482	655
3483	655
3483	650
3484	650
3484	647
3485	647
3485	644
3486	644
3486	640
3487	640
3487	637
3488	637
3488	635
3489	635
3489	632
3490	632
3490	628
3491	628
3491	625
3492	625
3492	622
3493	622
3493	618
3494	618
3494	615
3495	615
3495	613
3496	613
3496	611
3497	611
3497	608
3498	608
3498	606
3499	606
3499	603
3500	603
3500	602
3501	602
3501	600
3502	600
3502	598
3503	598
3503	596
3504	596
3504	593
3505	593
3505	591
3506	591
3506	590
3507	590
3507	588
3508	588
3508	587
3509	587
3509	585
3510	585
3510	582
3511	582
3511	581
3512	581
3512	578
3513	578
3513	576
3514	576
3514	574
3515	574
3515	572
3516	572
3516	570
3517	570
3517	569
3518	569
3518	568
3519	568
3519	566
3520	566
3520	565
3521	565
3521	564
3522	564
3522	563
3523	563
3523	561
3525	561
3525	560
3526	560
3526	559
3527	559
3527	558
3528	558
3528	557
3530	557
3530	556
3532	556
3532	555
3533	555
3533	554
3534	554
3534	545
3535	545
3535	547
3536	547
3536	550
3537	550
3537	551
3538	551
3538	552
3541	552
3541	553
3542	553
3542	554
3543	554
3543	555
3544	555
3544	556
3545	556
3545	557
3546	557
3546	558
3547	558
3547	559
3548	559
3548	561
3549	561
3549	562
3550	562
3550	564
3551	564
3551	566
3552	566
3552	568
3553	568
3553	571
3554	571
3554	573
3555	573
3555	576
3556	576
3556	581
3557	581
3557	585
3558	585
3558	591
3559	591
3559	599
3560	599
3560	608
3559	608
3559	610
3560	610
3560	645
3559	645
3559	658
3558	658
3558	664
3557	664
3557	673
3556	673
3556	680
3555	680
3555	683
3554	683
3554	689
3553	689
3553	696
3552	696
3552	705
3551	705
3551	712
3550	712
3550	717
3549	717
3549	723
3548	723
3548	726
3547	726
3547	730
3546	730
3546	734
3545	734
3545	739
3544	739
3544	744
3543	744
3543	748
3542	748
3542	756
3541	756
3541	761
3540	761
3540	771
3539	771
3539	777
3538	777
3538	785
3537	785
3537	809
3536	809
3536	819
3535	819
3535	826
3534	826
3534	834
3533	834
3533	840
3532	840
3532	851
3531	851
3531	857
3530	857
3530	863
3529	863
3529	870
3528	870
3528	879
3527	879
3527	891
3526	891
3526	900
3525	900
3525	908
3524	908
3524	914
3523	914
3523	920
3522	920
3522	927
3521	927
3521	949
3520	949
3520	951
3521	951
3521	967
3520	967
3520	968
3521	968
3521	971
3520	971
3520	972
3521	972
3521	998
3520	998
3520	1014
3521	1014
3521	1025
3520	1025
3520	1035
3519	1035
3519	1038
3520	1038
3520	1068
3519	1068
3519	1072
3518	1072
3518	1076
3517	1076
3517	1082
3516	1082
3516	1087
3515	1087
3515	1093
3514	1093
3514	1098
3513	1098
3513	1110
3512	1110
3512	1117
3511	1117
3511	1124
3512	1124
3512	1144
3513	1144
3513	1162
3514	1162
3514	1176
3515	1176
3515	1194
3514	1194
3514	1221
3513	1221
3513	1238
3512	1238
3512	1249
3511	1249
3511	1266
3510	1266
3510	1276
3509	1276
3509	1290
3508	1290
3508	1305
3507	1305
3507	1313
3506	1313
3506	1318
3505	1318
3505	1329
3504	1329
3504	1337
3503	1337
3503	1345
3502	1345
3502	1354
3501	1354
3501	1364
3500	1364
3500	1386
3499	1386
3499	1405
3498	1405
3498	1411
3497	1411
3497	1416
3496	1416
3496	1425
3495	1425
3495	1461
3496	1461
3496	1509
3497	1509
3497	1513
3496	1513
3496	1525
3495	1525
3495	1532
3494	1532
3494	1537
3493	1537
3493	1543
3492	1543
3492	1550
3491	1550
3491	1561
3490	1561
3490	1564
3491	1564
3491	1580
3490	1580
3490	1617
3489	1617
3489	1633
3488	1633
3488	1641
3487	1641
3487	1648
3486	1648
3486	1658
3485	1658
3485	1669
3486	1669
3486	1704
3485	1704
