3133	4678
3132	4678
3132	4686
3131	4686
3131	4696
3130	4696
3130	4723
3131	4723
3131	4732
3132	4732
3132	4742
3133	4742
3133	4767
3134	4767
3134	4769
3133	4769
3133	4771
3134	4771
3134	4786
3135	4786
3135	4792
3134	4792
3134	4795
3135	4795
3135	4796
3134	4796
3134	4809
3133	4809
3133	4816
3132	4816
3132	4832
3131	4832
3131	4833
3132	4833
3132	4850
3133	4850
3133	4864
3134	4864
3134	4875
3135	4875
3135	4876
3134	4876
3134	4880
3135	4880
3135	4903
3134	4903
3134	4905
3135	4905
3135	4906
3134	4906
3134	4922
3133	4922
3133	4936
3132	4936
3132	4955
3131	4955
3131	4964
3132	4964
3132	4998
3133	4998
3133	5016
3134	5016
3134	5031
3135	5031
3135	5044
3136	5044
3136	5048
3135	5048
3135	5049
3136	5049
3136	5058
3135	5058
3135	5069
3134	5069
3134	5078
3133	5078
3133	5088
3132	5088
3132	5093
3131	5093
3131	5098
3130	5098
3130	5104
3129	5104
3129	5117
3128	5117
3128	5122
3127	5122
3127	5123
3128	5123
3128	5124
3127	5124
3127	5135
3126	5135
3126	5149
3125	5149
3125	5170
3124	5170
3124	5177
3123	5177
3123	5187
3122	5187
3122	5192
3121	5192
3121	5200
3120	5200
3120	5203
3119	5203
3119	5206
3118	5206
3118	5214
3117	5214
3117	5220
3116	5220
3116	5226
3115	5226
3115	5230
3114	5230
3114	5236
3113	5236
3113	5240
3112	5240
3112	5246
3111	5246
3111	5249
3110	5249
3110	5255
3109	5255
3109	5262
3108	5262
3108	5267
3107	5267
3107	5272
3106	5272
3106	5275
3105	5275
3105	5279
3104	5279
3104	5284
3103	5284
3103	5288
3102	5288
3102	5290
3101	5290
3101	5295
3100	5295
3100	5302
3099	5302
3099	5308
3098	5308
3098	5313
3097	5313
3097	5320
3096	5320
3096	5339
3095	5339
3095	5344
3094	5344
3094	5345
3093	5345
3093	5349
3092	5349
3092	5355
3091	5355
3091	5361
3090	5361
3090	5374
3089	5374
3089	5381
3088	5381
3088	5395
3089	5395
3089	5397
3090	5397
3090	5399
3088	5399
3088	5400
3090	5400
3090	5401
3095	5401
3095	5402
3096	5402
3096	5403
3097	5403
3097	5408
3096	5408
3096	5410
3095	5410
3095	5411
3092	5411
3092	5412
3091	5412
3091	5413
3089	5413
3089	5418
3088	5418
3088	5424
3087	5424
3087	5451
3088	5451
3088	5457
3089	5457
3089	5461
3090	5461
3090	5464
3091	5464
3091	5465
3092	5465
3092	5469
3093	5469
3093	5470
3095	5470
3095	5472
3096	5472
3096	5473
3097	5473
3097	5475
3098	5475
3098	5476
3099	5476
3099	5477
3100	5477
3100	5478
3101	5478
3101	5479
3104	5479
3104	5480
3105	5480
3105	5481
3107	5481
3107	5482
3109	5482
3109	5483
3115	5483
3115	5484
3122	5484
3122	5485
3126	5485
3126	5484
3128	5484
3128	5485
3131	5485
3131	5484
3139	5484
3139	5483
3142	5483
3142	5482
3143	5482
3143	5481
3147	5481
3147	5480
3149	5480
3149	5479
3150	5479
3150	5478
3152	5478
3152	5477
3155	5477
3155	5476
3156	5476
3156	5475
3158	5475
3158	5474
3159	5474
3159	5473
3160	5473
3160	5472
3162	5472
3162	5471
3164	5471
3164	5470
3165	5470
3165	5469
3166	5469
3166	5468
3167	5468
3167	5467
3168	5467
3168	5466
3169	5466
3169	5464
3170	5464
3170	5463
3171	5463
3171	5462
3172	5462
3172	5459
3173	5459
3173	5457
3174	5457
3174	5456
3175	5456
3175	5455
3180	5455
3180	5456
3181	5456
3181	5457
3182	5457
3182	5458
3183	5458
3183	5459
3184	5459
3184	5460
3193	5460
3193	5459
3201	5459
3201	5458
3207	5458
3207	5457
3210	5457
3210	5456
3215	5456
3215	5455
3219	5455
3219	5454
3223	5454
3223	5453
3226	5453
3226	5452
3228	5452
3228	5451
3229	5451
3229	5450
3233	5450
3233	5449
3235	5449
3235	5448
3237	5448
3237	5447
3241	5447
3241	5446
3242	5446
3242	5445
3244	5445
3244	5444
3246	5444
3246	5443
3250	5443
3250	5442
3252	5442
3252	5441
3253	5441
3253	5440
3254	5440
3254	5439
3255	5439
3255	5440
3256	5440
3256	5439
3258	5439
3258	5438
3260	5438
3260	5437
3262	5437
3262	5436
3265	5436
3265	5435
3267	5435
3267	5434
3269	5434
3269	5433
3270	5433
3270	5432
3274	5432
3274	5431
3276	5431
3276	5430
3277	5430
3277	5429
3279	5429
3279	5428
3283	5428
3283	5427
3284	5427
3284	5426
3286	5426
3286	5425
3287	5425
3287	5424
3291	5424
3291	5423
3292	5423
3292	5422
3294	5422
3294	5421
3295	5421
3295	5420
3296	5420
3296	5419
3299	5419
3299	5418
3301	5418
3301	5417
3303	5417
3303	5416
3304	5416
3304	5415
3307	5415
3307	5414
3309	5414
3309	5413
3310	5413
3310	5412
3313	5412
3313	5411
3315	5411
3315	5410
3317	5410
3317	5409
3319	5409
3319	5408
3321	5408
3321	5407
3324	5407
3324	5406
3327	5406
3327	5405
3329	5405
3329	5404
3333	5404
3333	5403
3335	5403
3335	5402
3338	5402
3338	5401
3339	5401
3339	5400
3343	5400
3343	5399
3344	5399
3344	5398
3346	5398
3346	5397
3350	5397
3350	5396
3351	5396
3351	5395
3353	5395
3353	5394
3355	5394
3355	5393
3358	5393
3358	5392
3360	5392
3360	5391
3363	5391
3363	5390
3364	5390
3364	5389
3369	5389
3369	5388
3372	5388
3372	5387
3376	5387
3376	5386
3378	5386
3378	5385
3380	5385
3380	5384
3385	5384
3385	5383
3387	5383
3387	5382
3389	5382
3389	5381
3393	5381
3393	5380
3397	5380
3397	5379
3398	5379
3398	5378
3399	5378
3399	5377
3402	5377
3402	5376
3404	5376
3404	5375
3405	5375
3405	5374
3407	5374
3407	5373
3410	5373
3410	5372
3411	5372
3411	5371
3413	5371
3413	5370
3415	5370
3415	5369
3419	5369
3419	5368
3420	5368
3420	5367
3422	5367
3422	5366
3424	5366
3424	5365
3425	5365
3425	5366
3427	5366
3427	5365
3429	5365
3429	5364
3432	5364
3432	5363
3436	5363
3436	5362
3438	5362
3438	5361
3440	5361
3440	5360
3444	5360
3444	5359
3445	5359
3445	5358
3447	5358
3447	5357
3449	5357
3449	5356
3452	5356
3452	5355
3454	5355
3454	5354
3455	5354
3455	5353
3457	5353
3457	5352
3461	5352
3461	5351
3463	5351
3463	5350
3464	5350
3464	5349
3466	5349
3466	5348
3468	5348
3468	5349
3469	5349
3469	5348
3473	5348
3473	5347
3474	5347
3474	5346
3478	5346
3478	5345
3480	5345
3480	5344
3483	5344
3483	5343
3488	5343
3488	5342
3491	5342
3491	5341
3496	5341
3496	5340
3499	5340
3499	5339
3506	5339
3506	5338
3509	5338
3509	5337
3514	5337
3514	5336
3517	5336
3517	5335
3521	5335
3521	5334
3523	5334
3523	5333
3525	5333
3525	5332
3526	5332
3526	5331
3529	5331
3529	5330
3530	5330
3530	5329
3531	5329
3531	5328
3532	5328
3532	5327
3533	5327
3533	5326
3535	5326
3535	5325
3536	5325
3536	5324
3538	5324
3538	5323
3540	5323
3540	5322
3541	5322
3541	5321
3543	5321
3543	5320
3545	5320
3545	5319
3547	5319
3547	5318
3549	5318
3549	5317
3550	5317
3550	5316
3551	5316
3551	5315
3552	5315
3552	5314
3553	5314
3553	5315
3555	5315
3555	5314
3558	5314
3558	5313
3559	5313
3559	5311
3560	5311
3560	5310
3561	5310
3561	5311
3564	5311
3564	5310
3566	5310
3566	5309
3568	5309
3568	5308
3570	5308
3570	5307
3572	5307
3572	5306
3574	5306
3574	5305
3576	5305
3576	5304
3578	5304
3578	5303
3580	5303
3580	5302
3582	5302
3582	5301
3584	5301
3584	5300
3585	5300
3585	5298
3587	5298
3587	5299
3589	5299
3589	5298
3590	5298
3590	5297
3591	5297
3591	5296
3592	5296
3592	5295
3594	5295
3594	5294
3598	5294
3598	5293
3599	5293
3599	5292
3602	5292
3602	5291
3606	5291
3606	5290
3609	5290
3609	5289
3612	5289
3612	5288
3614	5288
3614	5289
3615	5289
3615	5288
3616	5288
3616	5287
3619	5287
3619	5286
3623	5286
3623	5285
3625	5285
3625	5284
3627	5284
3627	5283
3630	5283
3630	5282
3632	5282
3632	5281
3634	5281
3634	5280
3635	5280
3635	5279
3637	5279
3637	5278
3639	5278
3639	5277
3641	5277
3641	5276
3643	5276
3643	5275
3645	5275
3645	5274
3646	5274
3646	5273
3649	5273
3649	5272
3651	5272
3651	5271
3652	5271
3652	5270
3654	5270
3654	5269
3657	5269
3657	5268
3659	5268
3659	5267
3660	5267
3660	5266
3662	5266
3662	5265
3664	5265
3664	5264
3666	5264
3666	5263
3668	5263
3668	5262
3670	5262
3670	5261
3672	5261
3672	5260
3675	5260
3675	5259
3676	5259
3676	5257
3679	5257
3679	5255
3680	5255
3680	5257
3682	5257
3682	5256
3683	5256
3683	5255
3685	5255
3685	5254
3687	5254
3687	5253
3688	5253
3688	5251
3689	5251
3689	5253
3690	5253
3690	5252
3691	5252
3691	5251
3693	5251
3693	5250
3694	5250
3694	5249
3697	5249
3697	5248
3698	5248
3698	5247
3701	5247
3701	5246
3703	5246
3703	5244
3705	5244
3705	5243
3707	5243
3707	5244
3708	5244
3708	5242
3711	5242
3711	5241
3713	5241
3713	5240
3718	5240
3718	5239
3719	5239
3719	5240
3720	5240
3720	5239
3721	5239
3721	5237
3722	5237
3722	5236
3723	5236
3723	5237
3725	5237
3725	5236
3726	5236
3726	5235
3730	5235
3730	5234
3733	5234
3733	5233
3735	5233
3735	5232
3736	5232
3736	5231
3737	5231
3737	5230
3738	5230
3738	5231
3740	5231
3740	5230
3742	5230
3742	5229
3741	5229
3741	5228
3745	5228
3745	5227
3746	5227
3746	5226
3748	5226
3748	5227
3749	5227
3749	5226
3751	5226
3751	5225
3752	5225
3752	5223
3754	5223
3754	5222
3761	5222
3761	5221
3760	5221
3760	5220
3761	5220
3761	5219
3767	5219
3767	5217
3769	5217
3769	5216
3771	5216
3771	5215
3774	5215
3774	5214
3777	5214
3777	5213
3780	5213
3780	5212
3784	5212
3784	5211
3787	5211
3787	5210
3792	5210
3792	5209
3794	5209
3794	5208
3796	5208
3796	5207
3799	5207
3799	5208
3802	5208
3802	5206
3804	5206
3804	5205
3806	5205
3806	5204
3811	5204
3811	5203
3814	5203
3814	5202
3818	5202
3818	5201
3821	5201
3821	5200
3824	5200
3824	5199
3828	5199
3828	5198
3832	5198
3832	5197
3836	5197
3836	5196
3841	5196
3841	5195
3842	5195
3842	5196
3841	5196
3841	5197
3843	5197
3843	5196
3846	5196
3846	5195
3847	5195
3847	5194
3849	5194
3849	5193
3852	5193
3852	5192
3854	5192
3854	5191
3856	5191
3856	5190
3858	5190
3858	5189
3860	5189
3860	5188
3862	5188
3862	5187
3864	5187
3864	5186
3867	5186
3867	5185
3869	5185
3869	5184
3871	5184
3871	5183
3873	5183
3873	5182
3876	5182
3876	5181
3878	5181
3878	5180
3880	5180
3880	5179
3882	5179
3882	5178
3884	5178
3884	5177
3887	5177
3887	5176
3889	5176
3889	5175
3892	5175
3892	5174
3894	5174
3894	5173
3897	5173
3897	5172
3899	5172
3899	5171
3901	5171
3901	5170
3904	5170
3904	5169
3907	5169
3907	5168
3910	5168
3910	5167
3912	5167
3912	5166
3915	5166
3915	5165
3917	5165
3917	5164
3921	5164
3921	5163
3924	5163
3924	5162
3926	5162
3926	5160
3927	5160
3927	5161
3930	5161
3930	5160
3933	5160
3933	5159
3935	5159
3935	5157
3936	5157
3936	5158
3938	5158
3938	5157
3940	5157
3940	5156
3942	5156
3942	5155
3944	5155
3944	5154
3946	5154
3946	5153
3948	5153
3948	5152
3950	5152
3950	5151
3952	5151
3952	5150
3955	5150
3955	5149
3957	5149
3957	5148
3960	5148
3960	5146
3961	5146
3961	5145
3962	5145
3962	5146
3965	5146
3965	5145
3968	5145
3968	5144
3970	5144
3970	5143
3973	5143
3973	5142
3976	5142
3976	5141
3974	5141
3974	5140
3977	5140
3977	5139
3979	5139
3979	5140
3978	5140
3978	5141
3980	5141
3980	5140
3982	5140
3982	5139
3981	5139
3981	5138
3985	5138
3985	5137
3989	5137
3989	5136
3994	5136
3994	5135
3995	5135
3995	5136
3998	5136
3998	5135
3996	5135
3996	5134
4000	5134
4000	5133
4004	5133
4004	5132
4006	5132
4006	5133
4007	5133
4007	5132
4008	5132
4008	5131
4011	5131
4011	5130
4015	5130
4015	5131
4016	5131
4016	5130
4020	5130
4020	5129
4017	5129
4017	5128
4021	5128
4021	5129
4022	5129
4022	5128
4023	5128
4023	5127
4024	5127
4024	5128
4027	5128
4027	5127
4025	5127
4025	5126
4027	5126
4027	5127
4029	5127
4029	5126
4028	5126
4028	5125
4029	5125
4029	5126
4032	5126
4032	5125
4035	5125
4035	5124
4038	5124
4038	5123
4040	5123
4040	5122
4042	5122
4042	5120
4043	5120
4043	5121
4045	5121
4045	5120
4047	5120
4047	5119
4049	5119
4049	5118
4051	5118
4051	5117
4054	5117
4054	5116
4056	5116
4056	5115
4059	5115
4059	5114
4057	5114
4057	5113
4059	5113
4059	5114
4061	5114
4061	5112
4062	5112
4062	5113
4065	5113
4065	5112
4067	5112
4067	5111
4069	5111
4069	5110
4072	5110
4072	5109
4075	5109
4075	5108
4077	5108
4077	5107
4078	5107
4078	5106
4081	5106
4081	5105
4083	5105
4083	5104
4086	5104
4086	5103
4087	5103
4087	5102
4090	5102
4090	5101
4092	5101
4092	5100
4095	5100
4095	5099
4098	5099
4098	5098
4099	5098
4099	5097
4102	5097
4102	5096
4104	5096
4104	5095
4106	5095
4106	5094
4108	5094
4108	5093
4110	5093
4110	5092
4112	5092
4112	5091
4114	5091
4114	5090
4116	5090
4116	5089
4118	5089
4118	5088
4120	5088
4120	5087
4122	5087
4122	5086
4124	5086
4124	5085
4126	5085
4126	5084
4129	5084
4129	5083
4131	5083
4131	5082
4135	5082
4135	5081
4136	5081
4136	5080
4139	5080
4139	5079
4141	5079
4141	5078
4144	5078
4144	5077
4146	5077
4146	5076
4148	5076
4148	5075
4151	5075
4151	5074
4153	5074
4153	5073
4156	5073
4156	5072
4159	5072
4159	5071
4161	5071
4161	5070
4165	5070
4165	5069
4168	5069
4168	5068
4172	5068
4172	5067
4176	5067
4176	5066
4179	5066
4179	5065
4181	5065
4181	5064
4184	5064
4184	5063
4187	5063
4187	5062
4190	5062
4190	5061
4192	5061
4192	5060
4196	5060
4196	5059
4198	5059
4198	5058
4202	5058
4202	5057
4205	5057
4205	5056
4209	5056
4209	5055
4212	5055
4212	5054
4216	5054
4216	5053
4217	5053
4217	5052
4220	5052
4220	5051
4223	5051
4223	5050
4228	5050
4228	5049
4230	5049
4230	5050
4231	5050
4231	5048
4233	5048
4233	5049
4236	5049
4236	5048
4239	5048
4239	5046
4241	5046
4241	5047
4243	5047
4243	5046
4244	5046
4244	5045
4246	5045
4246	5044
4250	5044
4250	5043
4251	5043
4251	5045
4252	5045
4252	5044
4253	5044
4253	5043
4254	5043
4254	5042
4257	5042
4257	5041
4259	5041
4259	5042
4261	5042
4261	5041
4264	5041
4264	5040
4266	5040
4266	5039
4268	5039
4268	5038
4270	5038
4270	5037
4273	5037
4273	5036
4277	5036
4277	5035
4278	5035
4278	5034
4279	5034
4279	5033
4280	5033
4280	5034
4282	5034
4282	5033
4281	5033
4281	5032
4282	5032
4282	5031
4284	5031
4284	5032
4282	5032
4282	5033
4285	5033
4285	5032
4287	5032
4287	5030
4288	5030
4288	5031
4289	5031
4289	5030
4292	5030
4292	5029
4294	5029
4294	5028
4296	5028
4296	5027
4298	5027
4298	5026
4301	5026
4301	5025
4303	5025
4303	5024
4306	5024
4306	5023
4308	5023
4308	5022
4312	5022
4312	5021
4311	5021
4311	5020
4312	5020
4312	5021
4314	5021
4314	5020
4316	5020
4316	5019
4319	5019
4319	5018
4321	5018
4321	5017
4323	5017
4323	5016
4325	5016
4325	5015
4328	5015
4328	5014
4330	5014
4330	5013
4332	5013
4332	5012
4334	5012
4334	5011
4337	5011
4337	5010
4339	5010
4339	5009
4342	5009
4342	5008
4346	5008
4346	5007
4349	5007
4349	5006
4353	5006
4353	5005
4356	5005
4356	5004
4359	5004
4359	5003
4362	5003
4362	5002
4364	5002
4364	5001
4368	5001
4368	5000
4372	5000
4372	4999
4375	4999
4375	4998
4379	4998
4379	4997
4384	4997
4384	4995
4385	4995
4385	4996
4388	4996
4388	4995
4391	4995
4391	4994
4396	4994
4396	4993
4400	4993
4400	4992
4406	4992
4406	4991
4410	4991
4410	4990
4415	4990
4415	4989
4419	4989
4419	4988
4423	4988
4423	4987
4429	4987
4429	4986
4433	4986
4433	4985
4435	4985
4435	4984
4438	4984
4438	4983
4440	4983
4440	4982
4443	4982
4443	4981
4445	4981
4445	4980
4448	4980
4448	4979
4450	4979
4450	4978
4452	4978
4452	4977
4455	4977
4455	4976
4458	4976
4458	4975
4460	4975
4460	4974
4464	4974
4464	4973
4466	4973
4466	4972
4470	4972
4470	4971
4475	4971
4475	4970
4477	4970
4477	4969
4482	4969
4482	4968
4486	4968
4486	4967
4490	4967
4490	4966
4493	4966
4493	4965
4496	4965
4496	4964
4499	4964
4499	4963
4502	4963
4502	4962
4504	4962
4504	4961
4507	4961
4507	4960
4509	4960
4509	4959
4512	4959
4512	4958
4516	4958
4516	4957
4519	4957
4519	4956
4522	4956
4522	4955
4526	4955
4526	4954
4529	4954
4529	4953
4533	4953
4533	4952
4536	4952
4536	4951
4539	4951
4539	4950
4543	4950
4543	4949
4547	4949
4547	4948
4550	4948
4550	4947
4553	4947
4553	4946
4557	4946
4557	4945
4561	4945
4561	4944
4568	4944
4568	4943
4576	4943
4576	4942
4581	4942
4581	4941
4589	4941
4589	4940
4596	4940
4596	4939
4600	4939
4600	4938
4604	4938
4604	4937
4609	4937
4609	4936
4614	4936
4614	4935
4621	4935
4621	4934
4639	4934
4639	4932
4642	4932
4642	4933
4640	4933
4640	4934
4645	4934
4645	4933
4646	4933
4646	4932
4655	4932
4655	4933
4690	4933
4690	4934
4700	4934
4700	4935
4706	4935
4706	4936
4711	4936
4711	4937
4713	4937
4713	4938
4715	4938
4715	4939
4717	4939
4717	4940
4718	4940
4718	4941
4721	4941
4721	4942
4723	4942
4723	4943
4724	4943
4724	4944
4727	4944
4727	4945
4728	4945
4728	4946
4730	4946
4730	4947
4732	4947
4732	4948
4733	4948
4733	4949
4735	4949
4735	4950
4737	4950
4737	4951
4738	4951
4738	4952
4739	4952
4739	4953
4740	4953
4740	4954
4742	4954
4742	4955
4743	4955
4743	4956
4744	4956
4744	4957
4745	4957
4745	4959
4746	4959
4746	4960
4747	4960
4747	4961
4748	4961
4748	4963
4749	4963
4749	4965
4750	4965
4750	4966
4751	4966
4751	4968
4752	4968
4752	4970
4753	4970
4753	4973
4756	4973
4756	4974
4757	4974
4757	4977
4755	4977
4755	4975
4753	4975
4753	4976
4752	4976
4752	4978
4756	4978
4756	4979
4758	4979
4758	4982
4759	4982
4759	4984
4760	4984
4760	4986
4761	4986
4761	4989
4762	4989
4762	5005
4761	5005
4761	5009
4760	5009
4760	5012
4759	5012
4759	5016
4758	5016
4758	5018
4757	5018
4757	5020
4756	5020
4756	5022
4755	5022
4755	5025
4754	5025
4754	5027
4753	5027
4753	5029
4752	5029
4752	5031
4751	5031
4751	5034
4750	5034
4750	5036
4749	5036
4749	5037
4748	5037
4748	5039
4747	5039
4747	5040
4746	5040
4746	5041
4745	5041
4745	5043
4744	5043
4744	5044
4743	5044
4743	5045
4742	5045
4742	5046
4741	5046
4741	5048
4740	5048
4740	5049
4739	5049
4739	5051
4738	5051
4738	5052
4737	5052
4737	5053
4736	5053
4736	5055
4735	5055
4735	5056
4734	5056
4734	5057
4733	5057
4733	5058
4732	5058
4732	5059
4731	5059
4731	5061
4729	5061
4729	5062
4728	5062
4728	5063
4727	5063
4727	5064
4726	5064
4726	5066
4725	5066
4725	5067
4724	5067
4724	5068
4722	5068
4722	5069
4721	5069
4721	5070
4720	5070
4720	5071
4719	5071
4719	5072
4718	5072
4718	5073
4717	5073
4717	5074
4716	5074
4716	5075
4714	5075
4714	5076
4713	5076
4713	5077
4712	5077
4712	5078
4711	5078
4711	5079
4710	5079
4710	5080
4709	5080
4709	5081
4708	5081
4708	5082
4707	5082
4707	5083
4706	5083
4706	5084
4704	5084
4704	5085
4703	5085
4703	5086
4702	5086
4702	5087
4701	5087
4701	5088
4700	5088
4700	5089
4698	5089
4698	5090
4697	5090
4697	5091
4696	5091
4696	5092
4695	5092
4695	5093
4694	5093
4694	5094
4693	5094
4693	5095
4691	5095
4691	5096
4690	5096
4690	5097
4689	5097
4689	5098
4687	5098
4687	5099
4686	5099
4686	5100
4685	5100
4685	5101
4684	5101
4684	5102
4683	5102
4683	5103
4681	5103
4681	5104
4679	5104
4679	5105
4677	5105
4677	5106
4676	5106
4676	5107
4674	5107
4674	5108
4673	5108
4673	5109
4672	5109
4672	5110
4671	5110
4671	5111
4670	5111
4670	5112
4668	5112
4668	5113
4667	5113
4667	5114
4665	5114
4665	5115
4664	5115
4664	5116
4663	5116
4663	5117
4662	5117
4662	5118
4661	5118
4661	5119
4659	5119
4659	5120
4658	5120
4658	5121
4657	5121
4657	5122
4656	5122
4656	5123
4655	5123
4655	5124
4654	5124
4654	5125
4653	5125
4653	5126
4651	5126
4651	5127
4650	5127
4650	5128
4649	5128
4649	5129
4648	5129
4648	5130
4647	5130
4647	5131
4646	5131
4646	5132
4644	5132
4644	5133
4643	5133
4643	5134
4642	5134
4642	5135
4641	5135
4641	5136
4640	5136
4640	5137
4639	5137
4639	5138
4637	5138
4637	5139
4636	5139
4636	5140
4635	5140
4635	5141
4634	5141
4634	5142
4633	5142
4633	5143
4631	5143
4631	5144
4630	5144
4630	5145
4628	5145
4628	5146
4627	5146
4627	5147
4626	5147
4626	5148
4625	5148
4625	5149
4623	5149
4623	5150
4622	5150
4622	5151
4621	5151
4621	5152
4620	5152
4620	5153
4618	5153
4618	5154
4617	5154
4617	5155
4615	5155
4615	5156
4613	5156
4613	5157
4611	5157
4611	5158
4610	5158
4610	5159
4608	5159
4608	5160
4607	5160
4607	5161
4605	5161
4605	5162
4604	5162
4604	5163
4602	5163
4602	5164
4600	5164
4600	5165
4599	5165
4599	5166
4597	5166
4597	5167
4595	5167
4595	5168
4593	5168
4593	5169
4590	5169
4590	5170
4589	5170
4589	5171
4587	5171
4587	5172
4586	5172
4586	5173
4584	5173
4584	5174
4582	5174
4582	5175
4580	5175
4580	5176
4578	5176
4578	5177
4576	5177
4576	5178
4574	5178
4574	5179
4570	5179
4570	5180
4568	5180
4568	5181
4565	5181
4565	5182
4563	5182
4563	5183
4560	5183
4560	5184
4558	5184
4558	5185
4555	5185
4555	5186
4554	5186
4554	5187
4552	5187
4552	5188
4551	5188
4551	5189
4548	5189
4548	5190
4546	5190
4546	5191
4544	5191
4544	5192
4542	5192
4542	5193
4541	5193
4541	5194
4539	5194
4539	5195
4537	5195
4537	5196
4536	5196
4536	5197
4534	5197
4534	5198
4533	5198
4533	5199
4532	5199
4532	5200
4530	5200
4530	5201
4529	5201
4529	5202
4527	5202
4527	5203
4526	5203
4526	5204
4525	5204
4525	5205
4523	5205
4523	5206
4521	5206
4521	5207
4520	5207
4520	5208
4519	5208
4519	5209
4517	5209
4517	5210
4515	5210
4515	5211
4513	5211
4513	5212
4512	5212
4512	5213
4510	5213
4510	5214
4508	5214
4508	5215
4506	5215
4506	5216
4504	5216
4504	5217
4501	5217
4501	5218
4499	5218
4499	5219
4497	5219
4497	5220
4495	5220
4495	5221
4494	5221
4494	5222
4492	5222
4492	5223
4490	5223
4490	5224
4488	5224
4488	5225
4486	5225
4486	5226
4483	5226
4483	5227
4482	5227
4482	5228
4479	5228
4479	5229
4477	5229
4477	5230
4474	5230
4474	5231
4472	5231
4472	5232
4469	5232
4469	5233
4467	5233
4467	5234
4465	5234
4465	5235
4463	5235
4463	5236
4461	5236
4461	5237
4458	5237
4458	5238
4456	5238
4456	5239
4454	5239
4454	5240
4453	5240
4453	5241
4451	5241
4451	5242
4449	5242
4449	5243
4447	5243
4447	5244
4445	5244
4445	5245
4443	5245
4443	5246
4441	5246
4441	5247
4438	5247
4438	5248
4437	5248
4437	5249
4436	5249
4436	5250
4434	5250
4434	5251
4433	5251
4433	5252
4432	5252
4432	5253
4430	5253
4430	5254
4428	5254
4428	5255
4427	5255
4427	5256
4425	5256
4425	5257
4424	5257
4424	5258
4422	5258
4422	5259
4421	5259
4421	5260
4419	5260
4419	5261
4418	5261
4418	5262
4417	5262
4417	5263
4415	5263
4415	5264
4413	5264
4413	5265
4411	5265
4411	5266
4409	5266
4409	5267
4408	5267
4408	5268
4406	5268
4406	5269
4405	5269
4405	5270
4403	5270
4403	5271
4401	5271
4401	5272
4399	5272
4399	5273
4398	5273
4398	5274
4396	5274
4396	5275
4394	5275
4394	5276
4392	5276
4392	5277
4390	5277
4390	5278
4388	5278
4388	5279
4385	5279
4385	5280
4383	5280
4383	5281
4382	5281
4382	5282
4380	5282
4380	5283
4379	5283
4379	5284
4376	5284
4376	5285
4374	5285
4374	5286
4373	5286
4373	5287
4371	5287
4371	5288
4369	5288
4369	5289
4367	5289
4367	5290
4365	5290
4365	5291
4363	5291
4363	5292
4362	5292
4362	5293
4361	5293
4361	5294
4359	5294
4359	5295
4357	5295
4357	5296
4355	5296
4355	5297
4352	5297
4352	5298
4350	5298
4350	5299
4348	5299
4348	5300
4346	5300
4346	5301
4344	5301
4344	5302
4342	5302
4342	5303
4340	5303
4340	5304
4338	5304
4338	5305
4336	5305
4336	5306
4334	5306
4334	5307
4332	5307
4332	5308
4330	5308
4330	5309
4328	5309
4328	5310
4326	5310
4326	5311
4324	5311
4324	5312
4322	5312
4322	5313
4319	5313
4319	5314
4318	5314
4318	5315
4316	5315
4316	5316
4313	5316
4313	5317
4311	5317
4311	5318
4309	5318
4309	5319
4306	5319
4306	5320
4305	5320
4305	5321
4302	5321
4302	5322
4300	5322
4300	5323
4297	5323
4297	5324
4295	5324
4295	5325
4293	5325
4293	5326
4291	5326
4291	5327
4289	5327
4289	5328
4287	5328
4287	5329
4285	5329
4285	5330
4284	5330
4284	5331
4282	5331
4282	5332
4280	5332
4280	5333
4278	5333
4278	5334
4276	5334
4276	5335
4274	5335
4274	5336
4272	5336
4272	5337
4270	5337
4270	5338
4267	5338
4267	5339
4265	5339
4265	5340
4263	5340
4263	5341
4261	5341
4261	5342
4259	5342
4259	5343
4257	5343
4257	5344
4255	5344
4255	5345
4254	5345
4254	5346
4252	5346
4252	5347
4250	5347
4250	5348
4247	5348
4247	5349
4245	5349
4245	5350
4243	5350
4243	5351
4241	5351
4241	5352
4239	5352
4239	5353
4237	5353
4237	5354
4235	5354
4235	5355
4233	5355
4233	5356
4232	5356
4232	5357
4230	5357
4230	5358
4229	5358
4229	5359
4228	5359
4228	5360
4226	5360
4226	5361
4224	5361
4224	5362
4222	5362
4222	5363
4221	5363
4221	5364
4219	5364
4219	5365
4217	5365
4217	5366
4215	5366
4215	5367
4213	5367
4213	5368
4212	5368
4212	5369
4210	5369
4210	5370
4209	5370
4209	5371
4206	5371
4206	5372
4205	5372
4205	5373
4203	5373
4203	5374
4201	5374
4201	5375
4198	5375
4198	5376
4197	5376
4197	5377
4195	5377
4195	5378
4194	5378
4194	5379
4192	5379
4192	5380
4190	5380
4190	5381
4189	5381
4189	5382
4187	5382
4187	5383
4185	5383
4185	5384
4184	5384
4184	5385
4182	5385
4182	5386
4180	5386
4180	5387
4178	5387
4178	5388
4176	5388
4176	5389
4174	5389
4174	5390
4172	5390
4172	5391
4171	5391
4171	5392
4169	5392
4169	5393
4168	5393
4168	5394
4167	5394
4167	5395
4165	5395
4165	5396
4163	5396
4163	5397
4162	5397
4162	5398
4160	5398
4160	5399
4159	5399
4159	5400
4157	5400
4157	5401
4155	5401
4155	5402
4153	5402
4153	5403
4152	5403
4152	5404
4151	5404
4151	5405
4149	5405
4149	5406
4148	5406
4148	5407
4146	5407
4146	5408
4144	5408
4144	5409
4142	5409
4142	5410
4141	5410
4141	5411
4139	5411
4139	5412
4137	5412
4137	5413
4136	5413
4136	5414
4134	5414
4134	5415
4133	5415
4133	5416
4131	5416
4131	5417
4129	5417
4129	5418
4127	5418
4127	5419
4124	5419
4124	5420
4121	5420
4121	5421
4119	5421
4119	5422
4117	5422
4117	5423
4115	5423
4115	5424
4113	5424
4113	5425
4111	5425
4111	5426
4108	5426
4108	5427
4105	5427
4105	5428
4103	5428
4103	5429
4100	5429
4100	5430
4098	5430
4098	5431
4096	5431
4096	5432
4094	5432
4094	5433
4092	5433
4092	5434
4090	5434
4090	5435
4088	5435
4088	5436
4086	5436
4086	5437
4083	5437
4083	5438
4081	5438
4081	5439
4079	5439
4079	5440
4076	5440
4076	5441
4074	5441
4074	5442
4072	5442
4072	5443
4070	5443
4070	5444
4068	5444
4068	5445
4065	5445
4065	5446
4063	5446
4063	5447
4061	5447
4061	5448
4058	5448
4058	5449
4055	5449
4055	5450
4053	5450
4053	5451
4051	5451
4051	5452
4049	5452
4049	5453
4048	5453
4048	5454
4046	5454
4046	5455
4043	5455
4043	5456
4041	5456
4041	5457
4038	5457
4038	5458
4035	5458
4035	5459
4033	5459
4033	5460
4030	5460
4030	5461
4026	5461
4026	5462
4024	5462
4024	5463
4021	5463
4021	5464
4019	5464
4019	5465
4016	5465
4016	5466
4014	5466
4014	5467
4011	5467
4011	5468
4009	5468
4009	5469
4007	5469
4007	5470
4006	5470
4006	5471
4004	5471
4004	5472
4003	5472
4003	5473
4001	5473
4001	5474
4000	5474
4000	5475
3998	5475
3998	5476
3996	5476
3996	5477
3994	5477
3994	5478
3993	5478
3993	5479
3991	5479
3991	5480
3989	5480
3989	5481
3988	5481
3988	5482
3986	5482
3986	5483
3984	5483
3984	5484
3982	5484
3982	5485
3981	5485
3981	5486
3979	5486
3979	5487
3977	5487
3977	5488
3976	5488
3976	5489
3974	5489
3974	5490
3972	5490
3972	5491
3971	5491
3971	5492
3969	5492
3969	5493
3967	5493
3967	5494
3966	5494
3966	5495
3964	5495
3964	5496
3962	5496
3962	5497
3960	5497
3960	5498
3958	5498
3958	5499
3956	5499
3956	5500
3955	5500
3955	5501
3953	5501
3953	5502
3951	5502
3951	5503
3950	5503
3950	5504
3948	5504
3948	5505
3947	5505
3947	5506
3946	5506
3946	5507
3944	5507
3944	5508
3943	5508
3943	5509
3941	5509
3941	5510
3940	5510
3940	5511
3938	5511
3938	5512
3936	5512
3936	5513
3934	5513
3934	5514
3933	5514
3933	5515
3931	5515
3931	5516
3930	5516
3930	5517
3928	5517
3928	5518
3927	5518
3927	5519
3925	5519
3925	5520
3923	5520
3923	5521
3922	5521
3922	5522
3920	5522
3920	5523
3918	5523
3918	5524
3917	5524
3917	5525
3915	5525
3915	5526
3914	5526
3914	5527
3913	5527
3913	5528
3912	5528
3912	5529
3911	5529
3911	5530
3909	5530
3909	5531
3908	5531
3908	5532
3906	5532
3906	5533
3905	5533
3905	5534
3904	5534
3904	5535
3903	5535
3903	5536
3902	5536
3902	5537
3900	5537
3900	5538
3899	5538
3899	5539
3898	5539
3898	5540
3896	5540
3896	5541
3895	5541
3895	5542
3894	5542
3894	5543
3892	5543
3892	5544
3891	5544
3891	5545
3890	5545
3890	5546
3888	5546
3888	5547
3886	5547
3886	5548
3885	5548
3885	5549
3883	5549
3883	5550
3881	5550
3881	5551
3879	5551
3879	5552
3878	5552
3878	5553
3876	5553
3876	5554
3874	5554
3874	5555
3873	5555
3873	5556
3871	5556
3871	5557
3868	5557
3868	5558
3866	5558
3866	5559
3864	5559
3864	5560
3863	5560
3863	5561
3861	5561
3861	5562
3860	5562
3860	5563
3858	5563
3858	5564
3856	5564
3856	5565
3854	5565
3854	5566
3852	5566
3852	5567
3851	5567
3851	5568
3849	5568
3849	5569
3847	5569
3847	5570
3845	5570
3845	5571
3842	5571
3842	5572
3840	5572
3840	5573
3837	5573
3837	5574
3835	5574
3835	5575
3832	5575
3832	5576
3829	5576
3829	5577
3825	5577
3825	5578
3822	5578
3822	5579
3820	5579
3820	5580
3817	5580
3817	5581
3814	5581
3814	5582
3811	5582
3811	5583
3807	5583
3807	5584
3804	5584
3804	5585
3801	5585
3801	5586
3797	5586
3797	5587
3795	5587
3795	5588
3793	5588
3793	5589
3791	5589
3791	5590
3789	5590
3789	5591
3787	5591
3787	5592
3785	5592
3785	5593
3782	5593
3782	5594
3780	5594
3780	5595
3778	5595
3778	5596
3776	5596
3776	5597
3773	5597
3773	5598
3771	5598
3771	5599
3769	5599
3769	5600
3767	5600
3767	5601
3766	5601
3766	5602
3763	5602
3763	5603
3761	5603
3761	5604
3760	5604
3760	5605
3758	5605
3758	5606
3756	5606
3756	5607
3753	5607
3753	5608
3752	5608
3752	5609
3750	5609
3750	5610
3749	5610
3749	5611
3747	5611
3747	5612
3745	5612
3745	5613
3744	5613
3744	5614
3742	5614
3742	5615
3741	5615
3741	5616
3739	5616
3739	5617
3737	5617
3737	5618
3735	5618
3735	5619
3733	5619
3733	5620
3731	5620
3731	5621
3729	5621
3729	5622
3727	5622
3727	5623
3724	5623
3724	5624
3722	5624
3722	5625
3720	5625
3720	5626
3718	5626
3718	5627
3715	5627
3715	5628
3712	5628
3712	5629
3710	5629
3710	5630
3707	5630
3707	5631
3704	5631
3704	5632
3702	5632
3702	5633
3700	5633
3700	5634
3697	5634
3697	5635
3695	5635
3695	5636
3692	5636
3692	5637
3689	5637
3689	5638
3688	5638
3688	5639
3686	5639
3686	5640
3684	5640
3684	5641
3682	5641
3682	5642
3680	5642
3680	5643
3678	5643
3678	5644
3676	5644
3676	5645
3673	5645
3673	5646
3671	5646
3671	5647
3668	5647
3668	5648
3667	5648
3667	5649
3665	5649
3665	5650
3663	5650
3663	5651
3662	5651
3662	5652
3660	5652
3660	5653
3658	5653
3658	5654
3657	5654
3657	5655
3655	5655
3655	5656
3653	5656
3653	5657
3652	5657
3652	5658
3650	5658
3650	5659
3649	5659
3649	5660
3647	5660
3647	5661
3645	5661
3645	5662
3643	5662
3643	5663
3641	5663
3641	5664
3639	5664
3639	5665
3637	5665
3637	5666
3635	5666
3635	5667
3633	5667
3633	5668
3631	5668
3631	5669
3629	5669
3629	5670
3626	5670
3626	5671
3624	5671
3624	5672
3622	5672
3622	5673
3619	5673
3619	5674
3617	5674
3617	5675
3615	5675
3615	5676
3614	5676
3614	5677
3612	5677
3612	5678
3610	5678
3610	5679
3609	5679
3609	5680
3608	5680
3608	5681
3606	5681
3606	5682
3605	5682
3605	5683
3602	5683
3602	5684
3600	5684
3600	5685
3599	5685
3599	5686
3598	5686
3598	5687
3596	5687
3596	5688
3595	5688
3595	5689
3593	5689
3593	5690
3592	5690
3592	5691
3590	5691
3590	5692
3589	5692
3589	5693
3587	5693
3587	5694
3585	5694
3585	5695
3584	5695
3584	5696
3582	5696
3582	5697
3580	5697
3580	5698
3579	5698
3579	5699
3577	5699
3577	5700
3575	5700
3575	5701
3574	5701
3574	5702
3573	5702
3573	5703
3571	5703
3571	5704
3569	5704
3569	5705
3568	5705
3568	5706
3567	5706
3567	5707
3565	5707
3565	5708
3564	5708
3564	5709
3562	5709
3562	5710
3560	5710
3560	5711
3559	5711
3559	5712
3557	5712
3557	5713
3556	5713
3556	5714
3555	5714
3555	5715
3553	5715
3553	5716
3551	5716
3551	5717
3550	5717
3550	5718
3549	5718
3549	5719
3547	5719
3547	5720
3546	5720
3546	5721
3545	5721
3545	5722
3543	5722
3543	5723
3542	5723
3542	5724
3541	5724
3541	5725
3539	5725
3539	5726
3538	5726
3538	5727
3536	5727
3536	5728
3534	5728
3534	5729
3533	5729
3533	5730
3531	5730
3531	5731
3530	5731
3530	5732
3528	5732
3528	5733
3526	5733
3526	5734
3524	5734
3524	5735
3522	5735
3522	5736
3521	5736
3521	5737
3519	5737
3519	5738
3517	5738
3517	5739
3515	5739
3515	5740
3514	5740
3514	5741
3512	5741
3512	5742
3509	5742
3509	5743
3507	5743
3507	5744
3505	5744
3505	5745
3503	5745
3503	5746
3501	5746
3501	5747
3499	5747
3499	5748
3498	5748
3498	5749
3496	5749
3496	5750
3495	5750
3495	5751
3494	5751
3494	5752
3492	5752
3492	5753
3490	5753
3490	5754
3489	5754
3489	5755
3487	5755
3487	5756
3486	5756
3486	5757
3484	5757
3484	5758
3482	5758
3482	5759
3481	5759
3481	5760
3479	5760
3479	5761
3477	5761
3477	5762
3475	5762
3475	5763
3473	5763
3473	5764
3472	5764
3472	5765
3471	5765
3471	5766
3469	5766
3469	5767
3467	5767
3467	5768
3466	5768
3466	5769
3465	5769
3465	5770
3463	5770
3463	5771
3460	5771
3460	5772
3458	5772
3458	5773
3456	5773
3456	5774
3453	5774
3453	5775
3450	5775
3450	5776
3448	5776
3448	5777
3447	5777
3447	5778
3445	5778
3445	5779
3444	5779
3444	5780
3442	5780
3442	5781
3440	5781
3440	5782
3438	5782
3438	5783
3436	5783
3436	5784
3434	5784
3434	5785
3433	5785
3433	5786
3431	5786
3431	5787
3430	5787
3430	5788
3429	5788
3429	5789
3428	5789
3428	5790
3427	5790
3427	5791
3425	5791
3425	5792
3424	5792
3424	5793
3423	5793
3423	5797
3422	5797
3422	5806
3426	5806
3426	5808
3425	5808
3425	5809
3424	5809
3424	5810
3423	5810
3423	5811
3422	5811
3422	5812
3421	5812
3421	5813
3420	5813
3420	5815
3418	5815
3418	5816
3416	5816
3416	5817
3414	5817
3414	5818
3412	5818
3412	5819
3410	5819
3410	5820
3406	5820
3406	5821
3395	5821
3395	5822
3393	5822
3393	5821
3391	5821
3391	5822
3390	5822
3390	5821
3378	5821
3378	5820
3368	5820
3368	5819
3360	5819
3360	5818
3348	5818
3348	5817
3331	5817
3331	5816
3325	5816
3325	5817
3304	5817
3304	5818
3300	5818
3300	5819
3296	5819
3296	5820
3294	5820
3294	5821
3293	5821
3293	5822
3291	5822
3291	5823
3290	5823
3290	5825
3289	5825
3289	5831
3290	5831
3290	5833
3291	5833
3291	5836
3292	5836
3292	5839
3293	5839
3293	5842
3294	5842
3294	5845
3295	5845
3295	5849
3296	5849
3296	5850
3298	5850
3298	5849
3301	5849
3301	5850
3300	5850
3300	5852
3299	5852
3299	5853
3298	5853
3298	5854
3297	5854
3297	5855
3296	5855
3296	5856
3295	5856
3295	5857
3294	5857
3294	5859
3293	5859
3293	5860
3291	5860
3291	5861
3290	5861
3290	5862
3288	5862
3288	5863
3286	5863
3286	5864
3284	5864
3284	5865
3277	5865
3277	5866
3266	5866
3266	5865
3258	5865
3258	5864
3253	5864
3253	5863
3252	5863
3252	5862
3249	5862
3249	5861
3245	5861
3245	5860
3243	5860
3243	5859
3239	5859
3239	5858
3236	5858
3236	5857
3233	5857
3233	5856
3231	5856
3231	5855
3229	5855
3229	5854
3227	5854
3227	5853
3224	5853
3224	5852
3221	5852
3221	5851
3219	5851
3219	5850
3216	5850
3216	5849
3212	5849
3212	5848
3210	5848
3210	5847
3207	5847
3207	5846
3203	5846
3203	5845
3200	5845
3200	5844
3198	5844
3198	5843
3196	5843
3196	5842
3194	5842
3194	5841
3193	5841
3193	5840
3191	5840
3191	5839
3190	5839
3190	5838
3187	5838
3187	5837
3185	5837
3185	5836
3184	5836
3184	5835
3182	5835
3182	5834
3180	5834
3180	5833
3177	5833
3177	5832
3175	5832
3175	5831
3174	5831
3174	5830
3172	5830
3172	5829
3169	5829
3169	5828
3168	5828
3168	5827
3167	5827
3167	5826
3165	5826
3165	5825
3163	5825
3163	5824
3160	5824
3160	5823
3159	5823
3159	5822
3157	5822
3157	5821
3156	5821
3156	5820
3152	5820
3152	5819
3150	5819
3150	5818
3148	5818
3148	5817
3144	5817
3144	5816
3143	5816
3143	5815
3141	5815
3141	5814
3139	5814
3139	5813
3135	5813
3135	5812
3134	5812
3134	5811
3132	5811
3132	5810
3130	5810
3130	5809
3127	5809
3127	5808
3125	5808
3125	5807
3122	5807
3122	5806
3119	5806
3119	5805
3116	5805
3116	5804
3114	5804
3114	5803
3111	5803
3111	5802
3108	5802
3108	5801
3105	5801
3105	5800
3100	5800
3100	5799
3097	5799
3097	5798
3092	5798
3092	5797
3089	5797
3089	5796
3087	5796
3087	5795
3083	5795
3083	5794
3080	5794
3080	5793
3076	5793
3076	5792
3074	5792
3074	5791
3071	5791
3071	5790
3068	5790
3068	5789
3065	5789
3065	5788
3062	5788
3062	5787
3059	5787
3059	5786
3057	5786
3057	5785
3055	5785
3055	5784
3052	5784
3052	5783
3050	5783
3050	5782
3048	5782
3048	5781
3046	5781
3046	5780
3044	5780
3044	5779
3041	5779
3041	5778
3039	5778
3039	5777
3038	5777
3038	5776
3036	5776
3036	5775
3032	5775
3032	5774
3030	5774
3030	5773
3028	5773
3028	5772
3024	5772
3024	5771
3022	5771
3022	5770
3020	5770
3020	5769
3016	5769
3016	5768
3014	5768
3014	5767
3012	5767
3012	5766
3010	5766
3010	5765
3006	5765
3006	5764
2997	5764
2997	5765
2995	5765
2995	5766
2993	5766
2993	5767
2989	5767
2989	5768
2987	5768
2987	5767
2985	5767
2985	5766
2984	5766
2984	5765
2982	5765
2982	5763
2981	5763
2981	5762
2980	5762
2980	5761
2977	5761
2977	5760
2971	5760
2971	5759
2969	5759
2969	5758
2965	5758
2965	5757
2964	5757
2964	5756
2962	5756
2962	5755
2953	5755
2953	5756
2952	5756
2952	5757
2950	5757
2950	5758
2947	5758
2947	5759
2946	5759
2946	5760
2944	5760
2944	5761
2943	5761
2943	5762
2940	5762
2940	5763
2938	5763
2938	5764
2937	5764
2937	5765
2935	5765
2935	5766
2934	5766
2934	5767
2933	5767
2933	5768
2930	5768
2930	5769
2928	5769
2928	5770
2926	5770
2926	5771
2922	5771
2922	5772
2921	5772
2921	5773
2919	5773
2919	5774
2918	5774
2918	5775
2916	5775
2916	5776
2913	5776
2913	5777
2910	5777
2910	5778
2908	5778
2908	5779
2904	5779
2904	5780
2902	5780
2902	5781
2899	5781
2899	5782
2896	5782
2896	5783
2893	5783
2893	5784
2892	5784
2892	5785
2890	5785
2890	5786
2887	5786
2887	5787
2886	5787
2886	5788
2884	5788
2884	5789
2882	5789
2882	5790
2880	5790
2880	5791
2878	5791
2878	5792
2877	5792
2877	5793
2876	5793
2876	5794
2875	5794
2875	5795
2873	5795
2873	5796
2871	5796
2871	5797
2870	5797
2870	5798
2868	5798
2868	5799
2867	5799
2867	5800
2866	5800
2866	5801
2865	5801
2865	5802
2862	5802
2862	5803
2861	5803
2861	5804
2860	5804
2860	5805
2858	5805
2858	5806
2857	5806
2857	5807
2854	5807
2854	5808
2853	5808
2853	5809
2852	5809
2852	5810
2850	5810
2850	5811
2849	5811
2849	5812
2846	5812
2846	5813
2845	5813
2845	5814
2843	5814
2843	5815
2842	5815
2842	5816
2841	5816
2841	5817
2838	5817
2838	5818
2834	5818
2834	5819
2829	5819
2829	5818
2826	5818
2826	5817
2825	5817
2825	5816
2818	5816
2818	5817
2815	5817
2815	5818
2812	5818
2812	5819
2810	5819
2810	5820
2808	5820
2808	5821
2806	5821
2806	5822
2802	5822
2802	5823
2800	5823
2800	5824
2798	5824
2798	5825
2797	5825
2797	5826
2794	5826
2794	5827
2791	5827
2791	5828
2789	5828
2789	5829
2785	5829
2785	5830
2784	5830
2784	5831
2782	5831
2782	5832
2778	5832
2778	5833
2776	5833
2776	5834
2774	5834
2774	5835
2772	5835
2772	5836
2769	5836
2769	5837
2768	5837
2768	5838
2766	5838
2766	5839
2765	5839
2765	5840
2762	5840
2762	5841
2760	5841
2760	5842
2759	5842
2759	5843
2757	5843
2757	5844
2756	5844
2756	5845
2752	5845
2752	5846
2750	5846
2750	5847
2746	5847
2746	5846
2745	5846
2745	5847
2744	5847
2744	5846
2739	5846
2739	5847
2735	5847
2735	5848
2733	5848
2733	5849
2731	5849
2731	5850
2728	5850
2728	5851
2726	5851
2726	5852
2725	5852
2725	5853
2724	5853
2724	5854
2722	5854
2722	5855
2721	5855
2721	5856
2718	5856
2718	5857
2717	5857
2717	5858
2715	5858
2715	5859
2714	5859
2714	5860
2711	5860
2711	5861
2709	5861
2709	5862
2707	5862
2707	5863
2706	5863
2706	5864
2705	5864
2705	5865
2702	5865
2702	5866
2700	5866
2700	5867
2697	5867
2697	5868
2696	5868
2696	5869
2693	5869
2693	5870
2691	5870
2691	5871
2689	5871
2689	5872
2687	5872
2687	5873
2684	5873
2684	5874
2683	5874
2683	5875
2680	5875
2680	5876
2676	5876
2676	5877
2673	5877
2673	5878
2670	5878
2670	5879
2667	5879
2667	5880
2665	5880
2665	5881
2662	5881
2662	5882
2659	5882
2659	5883
2656	5883
2656	5884
2654	5884
2654	5885
2651	5885
2651	5886
2649	5886
2649	5887
2645	5887
2645	5888
2642	5888
2642	5889
2638	5889
2638	5890
2632	5890
2632	5891
2628	5891
2628	5890
2622	5890
2622	5889
2620	5889
2620	5888
2618	5888
2618	5887
2616	5887
2616	5886
2614	5886
2614	5885
2612	5885
2612	5884
2611	5884
2611	5883
2615	5883
2615	5871
2614	5871
2614	5869
2613	5869
2613	5867
2612	5867
2612	5866
2610	5866
2610	5865
2608	5865
2608	5864
2606	5864
2606	5863
2603	5863
2603	5862
2598	5862
2598	5861
2594	5861
2594	5860
2588	5860
2588	5859
2582	5859
2582	5858
2578	5858
2578	5857
2573	5857
2573	5856
2569	5856
2569	5855
2561	5855
2561	5854
2554	5854
2554	5853
2544	5853
2544	5852
2535	5852
2535	5851
2527	5851
2527	5850
2520	5850
2520	5849
2513	5849
2513	5848
2507	5848
2507	5847
2504	5847
2504	5846
2498	5846
2498	5845
2493	5845
2493	5844
2491	5844
2491	5843
2488	5843
2488	5842
2484	5842
2484	5841
2480	5841
2480	5840
2477	5840
2477	5839
2470	5839
2470	5838
2465	5838
2465	5837
2461	5837
2461	5836
2456	5836
2456	5835
2450	5835
2450	5834
2445	5834
2445	5833
2441	5833
2441	5832
2438	5832
2438	5831
2432	5831
2432	5830
2429	5830
2429	5829
2426	5829
2426	5828
2422	5828
2422	5827
2419	5827
2419	5826
2416	5826
2416	5825
2412	5825
2412	5824
2410	5824
2410	5823
2407	5823
2407	5822
2404	5822
2404	5821
2400	5821
2400	5820
2398	5820
2398	5819
2395	5819
2395	5818
2393	5818
2393	5817
2390	5817
2390	5816
2388	5816
2388	5815
2385	5815
2385	5814
2383	5814
2383	5813
2380	5813
2380	5812
2378	5812
2378	5811
2376	5811
2376	5810
2374	5810
2374	5809
2372	5809
2372	5808
2371	5808
2371	5807
2368	5807
2368	5806
2366	5806
2366	5805
2364	5805
2364	5804
2362	5804
2362	5803
2360	5803
2360	5802
2359	5802
2359	5801
2357	5801
2357	5800
2355	5800
2355	5799
2353	5799
2353	5798
2351	5798
2351	5797
2349	5797
2349	5796
2347	5796
2347	5795
2345	5795
2345	5794
2343	5794
2343	5793
2340	5793
2340	5792
2338	5792
2338	5791
2336	5791
2336	5790
2334	5790
2334	5789
2331	5789
2331	5788
2329	5788
2329	5787
2325	5787
2325	5786
2322	5786
2322	5785
2319	5785
2319	5784
2317	5784
2317	5783
2313	5783
2313	5782
2309	5782
2309	5781
2304	5781
2304	5780
2300	5780
2300	5779
2295	5779
2295	5778
2291	5778
2291	5777
2288	5777
2288	5776
2285	5776
2285	5775
2281	5775
2281	5774
2279	5774
2279	5773
2275	5773
2275	5772
2272	5772
2272	5771
2268	5771
2268	5770
2266	5770
2266	5769
2263	5769
2263	5768
2260	5768
2260	5767
2257	5767
2257	5766
2255	5766
2255	5765
2252	5765
2252	5764
2249	5764
2249	5763
2245	5763
2245	5762
2243	5762
2243	5761
2240	5761
2240	5760
2237	5760
2237	5759
2233	5759
2233	5758
2230	5758
2230	5757
2228	5757
2228	5756
2225	5756
2225	5755
2221	5755
2221	5754
2217	5754
2217	5753
2214	5753
2214	5752
2212	5752
2212	5751
2210	5751
2210	5750
2207	5750
2207	5749
2203	5749
2203	5748
2198	5748
2198	5747
2194	5747
2194	5746
2190	5746
2190	5745
2188	5745
2188	5744
2185	5744
2185	5743
2182	5743
2182	5742
2180	5742
2180	5741
2178	5741
2178	5740
2175	5740
2175	5739
2174	5739
2174	5738
2172	5738
2172	5737
2170	5737
2170	5736
2169	5736
2169	5735
2166	5735
2166	5734
2164	5734
2164	5733
2162	5733
2162	5732
2161	5732
2161	5731
2159	5731
2159	5730
2157	5730
2157	5729
2155	5729
2155	5728
2153	5728
2153	5727
2152	5727
2152	5726
2149	5726
2149	5725
2147	5725
2147	5724
2145	5724
2145	5723
2143	5723
2143	5722
2141	5722
2141	5721
2139	5721
2139	5720
2137	5720
2137	5719
2136	5719
2136	5718
2135	5718
2135	5717
2133	5717
2133	5716
2131	5716
2131	5715
2130	5715
2130	5714
2128	5714
2128	5713
2126	5713
2126	5712
2123	5712
2123	5711
2122	5711
2122	5710
2120	5710
2120	5709
2118	5709
2118	5708
2115	5708
2115	5707
2113	5707
2113	5706
2111	5706
2111	5705
2109	5705
2109	5704
2106	5704
2106	5703
2104	5703
2104	5702
2102	5702
2102	5701
2100	5701
2100	5700
2097	5700
2097	5699
2094	5699
2094	5698
2091	5698
2091	5697
2086	5697
2086	5696
2083	5696
2083	5695
2078	5695
2078	5694
2072	5694
2072	5693
2068	5693
2068	5692
2065	5692
2065	5691
2060	5691
2060	5690
2055	5690
2055	5689
2052	5689
2052	5688
2048	5688
2048	5687
2043	5687
2043	5686
2038	5686
2038	5685
2034	5685
2034	5684
2032	5684
2032	5683
2029	5683
2029	5682
2026	5682
2026	5681
2023	5681
2023	5680
2020	5680
2020	5679
2018	5679
2018	5678
2015	5678
2015	5677
2012	5677
2012	5676
2010	5676
2010	5675
2008	5675
2008	5674
2005	5674
2005	5673
2003	5673
2003	5672
2001	5672
2001	5671
1999	5671
1999	5670
1997	5670
1997	5669
1994	5669
1994	5668
1991	5668
1991	5667
1988	5667
1988	5666
1984	5666
1984	5665
1979	5665
1979	5664
1976	5664
1976	5663
1973	5663
1973	5662
1970	5662
1970	5661
1968	5661
1968	5660
1966	5660
1966	5659
1964	5659
1964	5658
1961	5658
1961	5657
1959	5657
1959	5656
1957	5656
1957	5655
1954	5655
1954	5654
1952	5654
1952	5653
1949	5653
1949	5652
1946	5652
1946	5651
1942	5651
1942	5650
1939	5650
1939	5649
1935	5649
1935	5648
1932	5648
1932	5647
1929	5647
1929	5646
1927	5646
1927	5645
1924	5645
1924	5644
1922	5644
1922	5643
1919	5643
1919	5642
1917	5642
1917	5641
1914	5641
1914	5640
1911	5640
1911	5639
1908	5639
1908	5638
1906	5638
1906	5637
1903	5637
1903	5636
1900	5636
1900	5635
1898	5635
1898	5634
1895	5634
1895	5633
1891	5633
1891	5632
1888	5632
1888	5631
1885	5631
1885	5630
1882	5630
1882	5629
1878	5629
1878	5628
1874	5628
1874	5627
1870	5627
1870	5626
1867	5626
1867	5625
1863	5625
1863	5624
1860	5624
1860	5623
1857	5623
1857	5622
1855	5622
1855	5621
1852	5621
1852	5620
1849	5620
1849	5619
1848	5619
1848	5618
1845	5618
1845	5617
1843	5617
1843	5616
1840	5616
1840	5615
1837	5615
1837	5614
1834	5614
1834	5613
1832	5613
1832	5612
1830	5612
1830	5611
1827	5611
1827	5610
1825	5610
1825	5609
1822	5609
1822	5608
1820	5608
1820	5607
1817	5607
1817	5606
1813	5606
1813	5605
1810	5605
1810	5604
1807	5604
1807	5603
1804	5603
1804	5602
1801	5602
1801	5601
1798	5601
1798	5600
1796	5600
1796	5599
1794	5599
1794	5598
1793	5598
1793	5597
1791	5597
1791	5596
1790	5596
1790	5595
1788	5595
1788	5594
1787	5594
1787	5593
1785	5593
1785	5592
1783	5592
1783	5591
1782	5591
1782	5590
1781	5590
1781	5589
1780	5589
1780	5588
1779	5588
1779	5587
1778	5587
1778	5586
1776	5586
1776	5585
1774	5585
1774	5584
1772	5584
1772	5583
1769	5583
1769	5582
1764	5582
1764	5581
1759	5581
1759	5580
1754	5580
1754	5579
1750	5579
1750	5578
1746	5578
1746	5577
1742	5577
1742	5576
1739	5576
1739	5575
1737	5575
1737	5574
1734	5574
1734	5573
1732	5573
1732	5572
1730	5572
1730	5571
1727	5571
1727	5570
1723	5570
1723	5569
1721	5569
1721	5568
1718	5568
1718	5567
1716	5567
1716	5566
1714	5566
1714	5565
1712	5565
1712	5564
1710	5564
1710	5563
1708	5563
1708	5562
1707	5562
1707	5561
1705	5561
1705	5560
1703	5560
1703	5559
1702	5559
1702	5558
1700	5558
1700	5557
1698	5557
1698	5556
1696	5556
1696	5555
1694	5555
1694	5554
1692	5554
1692	5553
1689	5553
1689	5552
1687	5552
1687	5551
1684	5551
1684	5550
1682	5550
1682	5549
1679	5549
1679	5548
1677	5548
1677	5547
1674	5547
1674	5546
1672	5546
1672	5545
1669	5545
1669	5544
1666	5544
1666	5543
1663	5543
1663	5542
1661	5542
1661	5541
1658	5541
1658	5540
1654	5540
1654	5539
1651	5539
1651	5538
1649	5538
1649	5537
1646	5537
1646	5536
1644	5536
1644	5535
1641	5535
1641	5534
1639	5534
1639	5533
1637	5533
1637	5532
1634	5532
1634	5531
1631	5531
1631	5530
1629	5530
1629	5529
1626	5529
1626	5528
1623	5528
1623	5527
1621	5527
1621	5526
1619	5526
1619	5525
1617	5525
1617	5524
1614	5524
1614	5523
1612	5523
1612	5522
1610	5522
1610	5521
1608	5521
1608	5520
1606	5520
1606	5519
1604	5519
1604	5518
1602	5518
1602	5517
1600	5517
1600	5516
1598	5516
1598	5515
1595	5515
1595	5514
1593	5514
1593	5513
1590	5513
1590	5512
1588	5512
1588	5511
1586	5511
1586	5510
1583	5510
1583	5509
1581	5509
1581	5508
1579	5508
1579	5507
1576	5507
1576	5506
1574	5506
1574	5505
1571	5505
1571	5504
1569	5504
1569	5503
1567	5503
1567	5502
1566	5502
1566	5501
1564	5501
1564	5500
1563	5500
1563	5499
1560	5499
1560	5498
1558	5498
1558	5497
1555	5497
1555	5495
1551	5495
1551	5494
1549	5494
1549	5493
1547	5493
1547	5492
1545	5492
1545	5491
1544	5491
1544	5490
1542	5490
1542	5489
1540	5489
1540	5488
1539	5488
1539	5487
1537	5487
1537	5486
1535	5486
1535	5485
1534	5485
1534	5484
1532	5484
1532	5483
1531	5483
1531	5482
1529	5482
1529	5481
1528	5481
1528	5480
1527	5480
1527	5479
1525	5479
1525	5478
1524	5478
1524	5477
1522	5477
1522	5476
1521	5476
1521	5475
1519	5475
1519	5474
1518	5474
1518	5473
1517	5473
1517	5472
1515	5472
1515	5471
1514	5471
1514	5470
1513	5470
1513	5469
1512	5469
1512	5468
1510	5468
1510	5467
1509	5467
1509	5466
1507	5466
1507	5465
1506	5465
1506	5464
1505	5464
1505	5463
1502	5463
1502	5462
1501	5462
1501	5461
1499	5461
1499	5460
1498	5460
1498	5459
1497	5459
1497	5458
1495	5458
1495	5457
1493	5457
1493	5456
1491	5456
1491	5455
1489	5455
1489	5454
1486	5454
1486	5453
1484	5453
1484	5452
1483	5452
1483	5451
1482	5451
1482	5450
1480	5450
1480	5449
1479	5449
1479	5448
1477	5448
1477	5447
1475	5447
1475	5446
1474	5446
1474	5445
1472	5445
1472	5444
1470	5444
1470	5443
1467	5443
1467	5442
1466	5442
1466	5441
1464	5441
1464	5440
1462	5440
1462	5439
1460	5439
1460	5438
1458	5438
1458	5437
1456	5437
1456	5436
1455	5436
1455	5435
1453	5435
1453	5434
1450	5434
1450	5433
1448	5433
1448	5432
1447	5432
1447	5431
1446	5431
1446	5430
1444	5430
1444	5429
1443	5429
1443	5428
1441	5428
1441	5427
1440	5427
1440	5426
1438	5426
1438	5425
1436	5425
1436	5424
1434	5424
1434	5423
1432	5423
1432	5422
1430	5422
1430	5421
1429	5421
1429	5420
1427	5420
1427	5419
1426	5419
1426	5418
1425	5418
1425	5417
1423	5417
1423	5416
1422	5416
1422	5415
1421	5415
1421	5414
1420	5414
1420	5413
1418	5413
1418	5412
1417	5412
1417	5411
1415	5411
1415	5410
1414	5410
1414	5409
1413	5409
1413	5408
1411	5408
1411	5407
1410	5407
1410	5406
1408	5406
1408	5405
1407	5405
1407	5404
1406	5404
1406	5403
1404	5403
1404	5402
1403	5402
1403	5401
1401	5401
1401	5400
1399	5400
1399	5399
1397	5399
1397	5398
1396	5398
1396	5397
1395	5397
1395	5396
1394	5396
1394	5395
1392	5395
1392	5394
1391	5394
1391	5393
1389	5393
1389	5392
1388	5392
1388	5391
1386	5391
1386	5390
1384	5390
1384	5389
1383	5389
1383	5388
1382	5388
1382	5387
1381	5387
1381	5385
1379	5385
1379	5384
1378	5384
1378	5383
1376	5383
1376	5382
1374	5382
1374	5381
1373	5381
1373	5380
1372	5380
1372	5379
1370	5379
1370	5378
1369	5378
1369	5377
1368	5377
1368	5376
1367	5376
1367	5375
1366	5375
1366	5374
1364	5374
1364	5373
1363	5373
1363	5372
1362	5372
1362	5371
1361	5371
1361	5370
1359	5370
1359	5369
1358	5369
1358	5368
1357	5368
1357	5367
1356	5367
1356	5366
1355	5366
1355	5365
1354	5365
1354	5364
1352	5364
1352	5363
1351	5363
1351	5362
1350	5362
1350	5361
1349	5361
1349	5360
1347	5360
1347	5359
1346	5359
1346	5358
1345	5358
1345	5357
1343	5357
1343	5356
1342	5356
1342	5355
1340	5355
1340	5354
1339	5354
1339	5353
1337	5353
1337	5352
1336	5352
1336	5351
1335	5351
1335	5350
1333	5350
1333	5349
1332	5349
1332	5348
1331	5348
1331	5347
1330	5347
1330	5346
1328	5346
1328	5345
1327	5345
1327	5344
1326	5344
1326	5343
1324	5343
1324	5342
1323	5342
1323	5341
1321	5341
1321	5340
1319	5340
1319	5339
1318	5339
1318	5338
1316	5338
1316	5337
1314	5337
1314	5336
1313	5336
1313	5335
1311	5335
1311	5334
1309	5334
1309	5333
1308	5333
1308	5332
1307	5332
1307	5331
1305	5331
1305	5330
1303	5330
1303	5329
1302	5329
1302	5328
1300	5328
1300	5327
1299	5327
1299	5326
1297	5326
1297	5325
1296	5325
1296	5324
1294	5324
1294	5323
1293	5323
1293	5322
1292	5322
1292	5321
1291	5321
1291	5320
1290	5320
1290	5319
1288	5319
1288	5318
1287	5318
1287	5317
1286	5317
1286	5316
1284	5316
1284	5315
1283	5315
1283	5314
1282	5314
1282	5313
1280	5313
1280	5312
1279	5312
1279	5311
1278	5311
1278	5310
1277	5310
1277	5309
1276	5309
1276	5308
1274	5308
1274	5307
1273	5307
1273	5306
1272	5306
1272	5305
1271	5305
1271	5304
1270	5304
1270	5303
1269	5303
1269	5302
1268	5302
1268	5301
1267	5301
1267	5300
1265	5300
1265	5299
1264	5299
1264	5298
1263	5298
1263	5297
1262	5297
1262	5296
1261	5296
1261	5295
1260	5295
1260	5294
1259	5294
1259	5293
1257	5293
1257	5292
1256	5292
1256	5291
1255	5291
1255	5290
1254	5290
1254	5289
1253	5289
1253	5288
1252	5288
1252	5287
1251	5287
1251	5286
1250	5286
1250	5285
1249	5285
1249	5284
1248	5284
1248	5283
1247	5283
1247	5282
1246	5282
1246	5281
1245	5281
1245	5279
1244	5279
1244	5278
1243	5278
1243	5277
1242	5277
1242	5276
1241	5276
1241	5274
1240	5274
1240	5273
1239	5273
1239	5272
1238	5272
1238	5270
1237	5270
1237	5269
1236	5269
1236	5268
1235	5268
1235	5267
1234	5267
1234	5265
1233	5265
1233	5264
1232	5264
1232	5263
1231	5263
1231	5262
1230	5262
1230	5261
1229	5261
1229	5260
1228	5260
1228	5259
1227	5259
1227	5257
1226	5257
1226	5256
1225	5256
1225	5255
1224	5255
1224	5254
1223	5254
1223	5253
1222	5253
1222	5252
1221	5252
1221	5251
1220	5251
1220	5250
1219	5250
1219	5249
1218	5249
1218	5248
1217	5248
1217	5247
1216	5247
1216	5245
1214	5245
1214	5244
1213	5244
1213	5242
1212	5242
1212	5241
1211	5241
1211	5240
1210	5240
1210	5239
1209	5239
1209	5238
1208	5238
1208	5236
1207	5236
1207	5235
1206	5235
1206	5234
1205	5234
1205	5233
1204	5233
1204	5231
1203	5231
1203	5230
1202	5230
1202	5228
1201	5228
1201	5227
1200	5227
1200	5226
1199	5226
1199	5224
1198	5224
1198	5223
1197	5223
1197	5222
1196	5222
1196	5220
1195	5220
1195	5219
1194	5219
1194	5217
1193	5217
1193	5215
1192	5215
1192	5214
1191	5214
1191	5212
1190	5212
1190	5210
1189	5210
1189	5208
1188	5208
1188	5206
1187	5206
1187	5205
1186	5205
1186	5203
1185	5203
1185	5201
1184	5201
1184	5199
1183	5199
1183	5197
1182	5197
1182	5195
1181	5195
1181	5192
1180	5192
1180	5190
1179	5190
1179	5187
1178	5187
1178	5185
1177	5185
1177	5181
1176	5181
1176	5176
1175	5176
1175	5162
1176	5162
1176	5158
1177	5158
1177	5155
1178	5155
1178	5153
1179	5153
1179	5150
1180	5150
1180	5149
1181	5149
1181	5148
1182	5148
1182	5146
1183	5146
1183	5145
1184	5145
1184	5144
1185	5144
1185	5143
1189	5143
1189	5142
1186	5142
1186	5140
1187	5140
1187	5139
1188	5139
1188	5137
1189	5137
1189	5136
1190	5136
1190	5134
1191	5134
1191	5131
1192	5131
1192	5129
1193	5129
1193	5127
1194	5127
1194	5126
1195	5126
1195	5124
1196	5124
1196	5123
1197	5123
1197	5122
1198	5122
1198	5121
1199	5121
1199	5120
1200	5120
1200	5119
1201	5119
1201	5118
1202	5118
1202	5117
1204	5117
1204	5116
1205	5116
1205	5115
1206	5115
1206	5114
1208	5114
1208	5113
1209	5113
1209	5112
1211	5112
1211	5111
1212	5111
1212	5110
1213	5110
1213	5109
1216	5109
1216	5108
1217	5108
1217	5107
1218	5107
1218	5106
1220	5106
1220	5105
1222	5105
1222	5104
1225	5104
1225	5103
1229	5103
1229	5102
1233	5102
1233	5101
1237	5101
1237	5100
1243	5100
1243	5099
1249	5099
1249	5098
1275	5098
1275	5099
1286	5099
1286	5100
1294	5100
1294	5101
1302	5101
1302	5102
1310	5102
1310	5103
1316	5103
1316	5104
1327	5104
1327	5105
1335	5105
1335	5106
1343	5106
1343	5107
1349	5107
1349	5108
1354	5108
1354	5109
1358	5109
1358	5110
1362	5110
1362	5111
1366	5111
1366	5112
1371	5112
1371	5113
1374	5113
1374	5114
1378	5114
1378	5115
1381	5115
1381	5116
1385	5116
1385	5117
1389	5117
1389	5118
1392	5118
1392	5119
1396	5119
1396	5120
1399	5120
1399	5121
1404	5121
1404	5122
1410	5122
1410	5123
1414	5123
1414	5124
1420	5124
1420	5125
1428	5125
1428	5126
1437	5126
1437	5127
1446	5127
1446	5128
1451	5128
1451	5129
1456	5129
1456	5130
1460	5130
1460	5131
1463	5131
1463	5132
1468	5132
1468	5133
1474	5133
1474	5134
1480	5134
1480	5135
1485	5135
1485	5136
1491	5136
1491	5137
1496	5137
1496	5138
1501	5138
1501	5139
1507	5139
1507	5140
1512	5140
1512	5141
1516	5141
1516	5142
1525	5142
1525	5143
1530	5143
1530	5144
1537	5144
1537	5145
1544	5145
1544	5146
1545	5146
1545	5145
1546	5145
1546	5146
1550	5146
1550	5147
1555	5147
1555	5148
1560	5148
1560	5149
1566	5149
1566	5150
1569	5150
1569	5151
1571	5151
1571	5152
1576	5152
1576	5153
1581	5153
1581	5154
1586	5154
1586	5155
1590	5155
1590	5156
1594	5156
1594	5157
1598	5157
1598	5158
1605	5158
1605	5159
1606	5159
1606	5160
1605	5160
1605	5161
1608	5161
1608	5160
1610	5160
1610	5161
1617	5161
1617	5162
1622	5162
1622	5163
1628	5163
1628	5164
1637	5164
1637	5165
1644	5165
1644	5166
1648	5166
1648	5167
1654	5167
1654	5168
1661	5168
1661	5169
1668	5169
1668	5170
1673	5170
1673	5171
1679	5171
1679	5172
1685	5172
1685	5173
1689	5173
1689	5174
1694	5174
1694	5175
1699	5175
1699	5176
1704	5176
1704	5177
1709	5177
1709	5178
1713	5178
1713	5179
1718	5179
1718	5180
1721	5180
1721	5181
1724	5181
1724	5182
1729	5182
1729	5183
1731	5183
1731	5184
1736	5184
1736	5185
1740	5185
1740	5186
1744	5186
1744	5187
1747	5187
1747	5188
1752	5188
1752	5189
1754	5189
1754	5190
1756	5190
1756	5191
1759	5191
1759	5192
1762	5192
1762	5193
1764	5193
1764	5194
1767	5194
1767	5195
1770	5195
1770	5196
1773	5196
1773	5197
1777	5197
1777	5198
1779	5198
1779	5199
1781	5199
1781	5200
1786	5200
1786	5201
1788	5201
1788	5202
1790	5202
1790	5203
1794	5203
1794	5204
1798	5204
1798	5205
1804	5205
1804	5206
1807	5206
1807	5207
1810	5207
1810	5208
1814	5208
1814	5209
1817	5209
1817	5210
1821	5210
1821	5211
1824	5211
1824	5212
1826	5212
1826	5213
1827	5213
1827	5214
1829	5214
1829	5215
1833	5215
1833	5216
1835	5216
1835	5217
1838	5217
1838	5218
1839	5218
1839	5219
1841	5219
1841	5220
1842	5220
1842	5221
1844	5221
1844	5222
1846	5222
1846	5223
1849	5223
1849	5225
1850	5225
1850	5226
1854	5226
1854	5227
1855	5227
1855	5228
1857	5228
1857	5229
1859	5229
1859	5230
1861	5230
1861	5231
1863	5231
1863	5232
1865	5232
1865	5233
1866	5233
1866	5234
1868	5234
1868	5235
1870	5235
1870	5236
1872	5236
1872	5237
1873	5237
1873	5238
1875	5238
1875	5239
1878	5239
1878	5240
1879	5240
1879	5241
1882	5241
1882	5242
1884	5242
1884	5243
1888	5243
1888	5244
1890	5244
1890	5245
1893	5245
1893	5246
1896	5246
1896	5247
1902	5247
1902	5248
1908	5248
1908	5249
1914	5249
1914	5250
1918	5250
1918	5251
1923	5251
1923	5252
1926	5252
1926	5253
1927	5253
1927	5254
1930	5254
1930	5255
1932	5255
1932	5256
1935	5256
1935	5257
1937	5257
1937	5258
1939	5258
1939	5259
1941	5259
1941	5260
1943	5260
1943	5261
1949	5261
1949	5262
1952	5262
1952	5263
1953	5263
1953	5264
1954	5264
1954	5263
1955	5263
1955	5264
1957	5264
1957	5265
1961	5265
1961	5266
1965	5266
1965	5267
1967	5267
1967	5268
1970	5268
1970	5269
1974	5269
1974	5270
1980	5270
1980	5271
1984	5271
1984	5272
1998	5272
1998	5273
2012	5273
2012	5274
2020	5274
2020	5275
2027	5275
2027	5276
2030	5276
2030	5277
2034	5277
2034	5278
2037	5278
2037	5279
2042	5279
2042	5280
2044	5280
2044	5281
2046	5281
2046	5283
2047	5283
2047	5282
2049	5282
2049	5283
2051	5283
2051	5284
2054	5284
2054	5286
2055	5286
2055	5285
2056	5285
2056	5286
2059	5286
2059	5288
2060	5288
2060	5289
2062	5289
2062	5290
2064	5290
2064	5291
2066	5291
2066	5292
2068	5292
2068	5293
2069	5293
2069	5294
2071	5294
2071	5295
2074	5295
2074	5296
2076	5296
2076	5297
2077	5297
2077	5298
2079	5298
2079	5299
2081	5299
2081	5300
2083	5300
2083	5301
2085	5301
2085	5302
2088	5302
2088	5303
2089	5303
2089	5304
2092	5304
2092	5305
2094	5305
2094	5306
2096	5306
2096	5307
2098	5307
2098	5308
2100	5308
2100	5309
2102	5309
2102	5310
2105	5310
2105	5311
2108	5311
2108	5312
2111	5312
2111	5313
2114	5313
2114	5314
2119	5314
2119	5315
2123	5315
2123	5316
2129	5316
2129	5317
2132	5317
2132	5318
2139	5318
2139	5319
2145	5319
2145	5320
2150	5320
2150	5321
2154	5321
2154	5322
2160	5322
2160	5323
2166	5323
2166	5324
2172	5324
2172	5325
2173	5325
2173	5326
2178	5326
2178	5327
2181	5327
2181	5328
2183	5328
2183	5329
2187	5329
2187	5330
2189	5330
2189	5331
2191	5331
2191	5332
2195	5332
2195	5333
2197	5333
2197	5334
2199	5334
2199	5335
2203	5335
2203	5336
2205	5336
2205	5337
2207	5337
2207	5338
2210	5338
2210	5339
2213	5339
2213	5340
2216	5340
2216	5341
2217	5341
2217	5342
2223	5342
2223	5343
2228	5343
2228	5344
2230	5344
2230	5345
2233	5345
2233	5346
2235	5346
2235	5345
2236	5345
2236	5346
2237	5346
2237	5347
2240	5347
2240	5348
2245	5348
2245	5349
2246	5349
2246	5350
2249	5350
2249	5351
2253	5351
2253	5352
2258	5352
2258	5353
2264	5353
2264	5354
2268	5354
2268	5355
2273	5355
2273	5356
2275	5356
2275	5357
2282	5357
2282	5358
2288	5358
2288	5359
2293	5359
2293	5360
2301	5360
2301	5361
2307	5361
2307	5362
2308	5362
2308	5363
2310	5363
2310	5364
2314	5364
2314	5365
2315	5365
2315	5364
2316	5364
2316	5365
2317	5365
2317	5366
2318	5366
2318	5367
2320	5367
2320	5368
2322	5368
2322	5369
2325	5369
2325	5370
2326	5370
2326	5371
2329	5371
2329	5372
2331	5372
2331	5373
2333	5373
2333	5374
2335	5374
2335	5375
2338	5375
2338	5376
2341	5376
2341	5377
2343	5377
2343	5378
2348	5378
2348	5379
2351	5379
2351	5380
2356	5380
2356	5381
2358	5381
2358	5382
2364	5382
2364	5383
2366	5383
2366	5384
2369	5384
2369	5385
2373	5385
2373	5386
2376	5386
2376	5387
2379	5387
2379	5388
2383	5388
2383	5389
2385	5389
2385	5390
2388	5390
2388	5391
2390	5391
2390	5392
2393	5392
2393	5393
2395	5393
2395	5394
2397	5394
2397	5395
2399	5395
2399	5396
2402	5396
2402	5397
2403	5397
2403	5398
2406	5398
2406	5399
2408	5399
2408	5400
2410	5400
2410	5401
2412	5401
2412	5402
2414	5402
2414	5403
2415	5403
2415	5404
2417	5404
2417	5405
2418	5405
2418	5406
2420	5406
2420	5407
2422	5407
2422	5408
2424	5408
2424	5409
2426	5409
2426	5410
2427	5410
2427	5411
2429	5411
2429	5412
2432	5412
2432	5413
2433	5413
2433	5414
2435	5414
2435	5415
2437	5415
2437	5416
2439	5416
2439	5417
2442	5417
2442	5418
2444	5418
2444	5419
2447	5419
2447	5420
2450	5420
2450	5421
2454	5421
2454	5422
2460	5422
2460	5423
2467	5423
2467	5424
2471	5424
2471	5425
2475	5425
2475	5426
2478	5426
2478	5427
2483	5427
2483	5428
2487	5428
2487	5429
2536	5429
2536	5430
2537	5430
2537	5429
2539	5429
2539	5430
2546	5430
2546	5431
2552	5431
2552	5432
2560	5432
2560	5433
2578	5433
2578	5432
2579	5432
2579	5433
2581	5433
2581	5432
2584	5432
2584	5433
2586	5433
2586	5432
2592	5432
2592	5433
2594	5433
2594	5432
2596	5432
2596	5433
2600	5433
2600	5432
2601	5432
2601	5433
2608	5433
2608	5434
2614	5434
2614	5435
2620	5435
2620	5436
2622	5436
2622	5437
2628	5437
2628	5438
2632	5438
2632	5439
2637	5439
2637	5440
2640	5440
2640	5441
2645	5441
2645	5442
2648	5442
2648	5443
2654	5443
2654	5444
2657	5444
2657	5445
2658	5445
2658	5446
2663	5446
2663	5447
2666	5447
2666	5448
2667	5448
2667	5449
2672	5449
2672	5450
2674	5450
2674	5451
2676	5451
2676	5452
2680	5452
2680	5453
2681	5453
2681	5454
2684	5454
2684	5455
2687	5455
2687	5456
2688	5456
2688	5457
2691	5457
2691	5458
2693	5458
2693	5459
2697	5459
2697	5460
2701	5460
2701	5461
2706	5461
2706	5462
2714	5462
2714	5463
2717	5463
2717	5464
2722	5464
2722	5465
2723	5465
2723	5466
2726	5466
2726	5467
2727	5467
2727	5468
2730	5468
2730	5469
2731	5469
2731	5470
2733	5470
2733	5471
2735	5471
2735	5472
2739	5472
2739	5473
2741	5473
2741	5474
2744	5474
2744	5475
2749	5475
2749	5476
2752	5476
2752	5477
2756	5477
2756	5478
2759	5478
2759	5479
2763	5479
2763	5480
2766	5480
2766	5481
2769	5481
2769	5482
2773	5482
2773	5483
2776	5483
2776	5484
2781	5484
2781	5485
2785	5485
2785	5486
2790	5486
2790	5487
2809	5487
2809	5486
2812	5486
2812	5485
2815	5485
2815	5484
2817	5484
2817	5483
2819	5483
2819	5481
2820	5481
2820	5480
2823	5480
2823	5478
2824	5478
2824	5477
2825	5477
2825	5476
2826	5476
2826	5475
2827	5475
2827	5474
2828	5474
2828	5469
2829	5469
2829	5466
2830	5466
2830	5464
2831	5464
2831	5461
2832	5461
2832	5457
2831	5457
2831	5455
2832	5455
2832	5452
2831	5452
2831	5451
2832	5451
2832	5445
2831	5445
2831	5429
2830	5429
2830	5426
2829	5426
2829	5421
2828	5421
2828	5414
2827	5414
2827	5413
2825	5413
2825	5412
2824	5412
2824	5410
2823	5410
2823	5405
2824	5405
2824	5404
2825	5404
2825	5403
2827	5403
2827	5402
2828	5402
2828	5401
2827	5401
2827	5398
2828	5398
2828	5395
2827	5395
2827	5390
2826	5390
2826	5387
2825	5387
2825	5384
2824	5384
2824	5380
2823	5380
2823	5377
2822	5377
2822	5376
2821	5376
2821	5375
2820	5375
2820	5370
2819	5370
2819	5364
2818	5364
2818	5361
2817	5361
2817	5357
2816	5357
2816	5353
2815	5353
2815	5350
2814	5350
2814	5347
2812	5347
2812	5344
2811	5344
2811	5338
2810	5338
2810	5335
2809	5335
2809	5328
2808	5328
2808	5320
2807	5320
2807	5313
2806	5313
2806	5309
2805	5309
2805	5307
2804	5307
2804	5306
2803	5306
2803	5302
2802	5302
2802	5299
2801	5299
2801	5294
2800	5294
2800	5291
2799	5291
2799	5288
2798	5288
2798	5284
2797	5284
2797	5279
2796	5279
2796	5277
2795	5277
2795	5272
2794	5272
2794	5266
2793	5266
2793	5262
2792	5262
2792	5258
2791	5258
2791	5254
2790	5254
2790	5247
2789	5247
2789	5238
2788	5238
2788	5236
2787	5236
2787	5235
2786	5235
2786	5228
2785	5228
2785	5220
2784	5220
2784	5217
2783	5217
2783	5213
2782	5213
2782	5209
2781	5209
2781	5206
2780	5206
2780	5205
2779	5205
2779	5202
2778	5202
2778	5198
2777	5198
2777	5194
2776	5194
2776	5191
2775	5191
2775	5187
2774	5187
2774	5182
2773	5182
2773	5176
2772	5176
2772	5172
2771	5172
2771	5167
2770	5167
2770	5149
2769	5149
2769	5131
2768	5131
2768	5123
2767	5123
2767	5116
2766	5116
2766	5111
2765	5111
2765	5106
2764	5106
2764	5103
2763	5103
2763	5100
2762	5100
2762	5097
2761	5097
2761	5094
2760	5094
2760	5090
2759	5090
2759	5084
2758	5084
2758	5078
2757	5078
2757	5074
2756	5074
2756	5071
2755	5071
2755	5067
2754	5067
2754	5063
2753	5063
2753	5059
2752	5059
2752	5054
2751	5054
2751	5048
2750	5048
2750	5038
2749	5038
2749	5006
2750	5006
2750	4974
2751	4974
2751	4972
2750	4972
2750	4943
2749	4943
2749	4913
2748	4913
2748	4902
2747	4902
2747	4895
2746	4895
2746	4890
2745	4890
2745	4883
2744	4883
2744	4876
2743	4876
2743	4871
2742	4871
2742	4864
2741	4864
2741	4858
2740	4858
2740	4853
2739	4853
2739	4848
2738	4848
2738	4815
2737	4815
2737	4801
2736	4801
2736	4800
2737	4800
2737	4799
2736	4799
2736	4798
2737	4798
2737	4788
2738	4788
2738	4779
2739	4779
2739	4768
2740	4768
2740	4754
2741	4754
2741	4753
2740	4753
2740	4752
2741	4752
2741	4736
2740	4736
2740	4727
2739	4727
2739	4726
2740	4726
2740	4725
2739	4725
2739	4723
2740	4723
2740	4720
2739	4720
2739	4719
2740	4719
2740	4714
2739	4714
2739	4691
2738	4691
2738	4625
2739	4625
2739	4621
2738	4621
2738	4612
2737	4612
2737	4605
2736	4605
2736	4560
2737	4560
2737	4554
2738	4554
2738	4546
2739	4546
2739	4541
2740	4541
2740	4536
2741	4536
2741	4532
2742	4532
2742	4530
2743	4530
2743	4524
2744	4524
2744	4521
2745	4521
2745	4516
2746	4516
2746	4512
2747	4512
2747	4505
2748	4505
2748	4500
2749	4500
2749	4494
2750	4494
2750	4487
2751	4487
2751	4482
2752	4482
2752	4448
2753	4448
2753	4436
2754	4436
2754	4431
2753	4431
2753	4421
2752	4421
2752	4407
2751	4407
2751	4398
2752	4398
2752	4393
2751	4393
2751	4390
2752	4390
2752	4388
2751	4388
2751	4386
2752	4386
2752	4373
2753	4373
2753	4367
2754	4367
2754	4364
2755	4364
2755	4358
2756	4358
2756	4353
2757	4353
2757	4346
2758	4346
2758	4344
2757	4344
2757	4343
2758	4343
2758	4335
2759	4335
2759	4323
2760	4323
2760	4318
2761	4318
2761	4313
2762	4313
2762	4310
2763	4310
2763	4302
2764	4302
2764	4296
2765	4296
2765	4269
2766	4269
2766	4252
2767	4252
2767	4240
2768	4240
2768	4232
2769	4232
2769	4216
2770	4216
2770	4208
2771	4208
2771	4202
2772	4202
2772	4190
2773	4190
2773	4183
2774	4183
2774	4176
2775	4176
2775	4171
2776	4171
2776	4134
2777	4134
2777	4133
2776	4133
2776	4128
2777	4128
2777	4115
2778	4115
2778	4110
2779	4110
2779	4103
2780	4103
2780	4091
2781	4091
2781	4087
2782	4087
2782	4082
2783	4082
2783	4078
2784	4078
2784	4074
2785	4074
2785	4063
2786	4063
2786	4058
2787	4058
2787	4051
2788	4051
2788	4033
2789	4033
2789	4025
2790	4025
2790	4024
2789	4024
2789	4021
2790	4021
2790	4015
2791	4015
2791	4000
2792	4000
2792	3992
2793	3992
2793	3977
2794	3977
2794	3967
2795	3967
2795	3962
2796	3962
2796	3957
2797	3957
2797	3938
2798	3938
2798	3925
2799	3925
2799	3924
2798	3924
2798	3917
2799	3917
2799	3908
2800	3908
2800	3894
2801	3894
2801	3887
2802	3887
2802	3883
2803	3883
2803	3879
2804	3879
2804	3876
2805	3876
2805	3873
2806	3873
2806	3870
2807	3870
2807	3867
2808	3867
2808	3863
2809	3863
2809	3861
2810	3861
2810	3857
2811	3857
2811	3853
2812	3853
2812	3851
2813	3851
2813	3849
2814	3849
2814	3847
2815	3847
2815	3843
2816	3843
2816	3840
2817	3840
2817	3836
2818	3836
2818	3831
2819	3831
2819	3824
2820	3824
2820	3819
2821	3819
2821	3815
2822	3815
2822	3811
2823	3811
2823	3804
2824	3804
2824	3797
2825	3797
2825	3788
2826	3788
2826	3776
2827	3776
2827	3769
2828	3769
2828	3762
2829	3762
2829	3756
2830	3756
2830	3751
2831	3751
2831	3742
2832	3742
2832	3741
2831	3741
2831	3738
2832	3738
2832	3728
2833	3728
2833	3724
2832	3724
2832	3717
2833	3717
2833	3697
2834	3697
2834	3687
2835	3687
2835	3676
2836	3676
2836	3665
2837	3665
2837	3656
2838	3656
2838	3652
2839	3652
2839	3650
2840	3650
2840	3641
2841	3641
2841	3635
2842	3635
2842	3626
2843	3626
2843	3618
2844	3618
2844	3608
2845	3608
2845	3602
2846	3602
2846	3595
2847	3595
2847	3589
2848	3589
2848	3586
2849	3586
2849	3579
2850	3579
2850	3574
2851	3574
2851	3568
2852	3568
2852	3565
2853	3565
2853	3559
2854	3559
2854	3553
2855	3553
2855	3549
2856	3549
2856	3545
2857	3545
2857	3540
2858	3540
2858	3535
2859	3535
2859	3527
2860	3527
2860	3512
2861	3512
2861	3506
2862	3506
2862	3501
2863	3501
2863	3496
2864	3496
2864	3493
2865	3493
2865	3490
2866	3490
2866	3485
2867	3485
2867	3481
2868	3481
2868	3477
2869	3477
2869	3474
2870	3474
2870	3470
2871	3470
2871	3467
2872	3467
2872	3464
2873	3464
2873	3461
2874	3461
2874	3458
2875	3458
2875	3453
2876	3453
2876	3450
2877	3450
2877	3448
2878	3448
2878	3444
2879	3444
2879	3441
2880	3441
2880	3436
2881	3436
2881	3432
2882	3432
2882	3428
2883	3428
2883	3424
2884	3424
2884	3421
2885	3421
2885	3418
2886	3418
2886	3415
2887	3415
2887	3412
2888	3412
2888	3410
2889	3410
2889	3406
2890	3406
2890	3403
2891	3403
2891	3400
2892	3400
2892	3395
2893	3395
2893	3390
2894	3390
2894	3387
2895	3387
2895	3383
2896	3383
2896	3380
2897	3380
2897	3377
2898	3377
2898	3375
2899	3375
2899	3373
2900	3373
2900	3370
2901	3370
2901	3367
2902	3367
2902	3364
2903	3364
2903	3360
2904	3360
2904	3357
2905	3357
2905	3355
2906	3355
2906	3352
2907	3352
2907	3350
2908	3350
2908	3348
2909	3348
2909	3346
2910	3346
2910	3344
2911	3344
2911	3341
2912	3341
2912	3339
2913	3339
2913	3337
2914	3337
2914	3336
2915	3336
2915	3334
2916	3334
2916	3332
2917	3332
2917	3330
2918	3330
2918	3328
2919	3328
2919	3326
2920	3326
2920	3323
2921	3323
2921	3321
2922	3321
2922	3319
2923	3319
2923	3318
2924	3318
2924	3316
2925	3316
2925	3313
2926	3313
2926	3311
2927	3311
2927	3308
2928	3308
2928	3307
2929	3307
2929	3305
2930	3305
2930	3303
2931	3303
2931	3302
2932	3302
2932	3301
2933	3301
2933	3299
2934	3299
2934	3298
2935	3298
2935	3296
2936	3296
2936	3294
2937	3294
2937	3293
2938	3293
2938	3291
2939	3291
2939	3289
2940	3289
2940	3288
2941	3288
2941	3286
2942	3286
2942	3284
2943	3284
2943	3283
2944	3283
2944	3281
2945	3281
2945	3279
2946	3279
2946	3277
2947	3277
2947	3275
2948	3275
2948	3273
2949	3273
2949	3272
2950	3272
2950	3270
2951	3270
2951	3268
2952	3268
2952	3266
2953	3266
2953	3265
2954	3265
2954	3263
2955	3263
2955	3261
2956	3261
2956	3259
2957	3259
2957	3258
2958	3258
2958	3257
2959	3257
2959	3255
2960	3255
2960	3254
2961	3254
2961	3252
2962	3252
2962	3251
2963	3251
2963	3249
2964	3249
2964	3248
2965	3248
2965	3246
2966	3246
2966	3245
2967	3245
2967	3244
2968	3244
2968	3243
2969	3243
2969	3241
2970	3241
2970	3240
2971	3240
2971	3239
2972	3239
2972	3238
2973	3238
2973	3236
2974	3236
2974	3235
2975	3235
2975	3234
2976	3234
2976	3233
2977	3233
2977	3231
2978	3231
2978	3230
2979	3230
2979	3228
2980	3228
2980	3227
2981	3227
2981	3226
2982	3226
2982	3225
2983	3225
2983	3224
2984	3224
2984	3223
2985	3223
2985	3221
2987	3221
2987	3220
2988	3220
2988	3219
2989	3219
2989	3218
2990	3218
2990	3217
2991	3217
2991	3216
2992	3216
2992	3215
2993	3215
2993	3214
2994	3214
2994	3213
2995	3213
2995	3212
2996	3212
2996	3211
2998	3211
2998	3210
2999	3210
2999	3209
3000	3209
3000	3208
3002	3208
3002	3207
3003	3207
3003	3206
3004	3206
3004	3205
3005	3205
3005	3204
3006	3204
3006	3203
3007	3203
3007	3202
3008	3202
3008	3201
3010	3201
3010	3200
3011	3200
3011	3199
3013	3199
3013	3198
3014	3198
3014	3197
3017	3197
3017	3196
3019	3196
3019	3195
3022	3195
3022	3194
3025	3194
3025	3193
3029	3193
3029	3192
3036	3192
3036	3193
3039	3193
3039	3194
3041	3194
3041	3197
3042	3197
3042	3196
3043	3196
3043	3195
3045	3195
3045	3196
3048	3196
3048	3197
3052	3197
3052	3198
3054	3198
3054	3199
3055	3199
3055	3200
3057	3200
3057	3201
3058	3201
3058	3202
3059	3202
3059	3203
3060	3203
3060	3204
3061	3204
3061	3205
3062	3205
3062	3206
3063	3206
3063	3207
3064	3207
3064	3209
3065	3209
3065	3210
3066	3210
3066	3211
3067	3211
3067	3213
3068	3213
3068	3214
3069	3214
3069	3216
3070	3216
3070	3217
3071	3217
3071	3218
3072	3218
3072	3220
3073	3220
3073	3221
3074	3221
3074	3223
3075	3223
3075	3225
3076	3225
3076	3228
3077	3228
3077	3230
3078	3230
3078	3232
3079	3232
3079	3235
3080	3235
3080	3237
3081	3237
3081	3239
3082	3239
3082	3242
3083	3242
3083	3244
3084	3244
3084	3247
3085	3247
3085	3249
3086	3249
3086	3252
3087	3252
3087	3255
3088	3255
3088	3257
3089	3257
3089	3260
3090	3260
3090	3264
3091	3264
3091	3267
3092	3267
3092	3271
3093	3271
3093	3276
3094	3276
3094	3278
3095	3278
3095	3283
3096	3283
3096	3288
3097	3288
3097	3291
3098	3291
3098	3294
3099	3294
3099	3298
3100	3298
3100	3301
3101	3301
3101	3304
3102	3304
3102	3306
3103	3306
3103	3309
3104	3309
3104	3311
3105	3311
3105	3314
3106	3314
3106	3317
3107	3317
3107	3320
3108	3320
3108	3324
3109	3324
3109	3328
3110	3328
3110	3331
3111	3331
3111	3334
3112	3334
3112	3337
3113	3337
3113	3340
3114	3340
3114	3343
3115	3343
3115	3346
3116	3346
3116	3350
3117	3350
3117	3353
3118	3353
3118	3357
3119	3357
3119	3361
3120	3361
3120	3363
3121	3363
3121	3367
3122	3367
3122	3371
3123	3371
3123	3375
3124	3375
3124	3381
3125	3381
3125	3387
3126	3387
3126	3393
3127	3393
3127	3401
3128	3401
3128	3407
3129	3407
3129	3416
3130	3416
3130	3419
3129	3419
3129	3421
3130	3421
3130	3428
3129	3428
3129	3439
3128	3439
3128	3446
3129	3446
3129	3447
3128	3447
3128	3461
3129	3461
3129	3481
3130	3481
3130	3489
3131	3489
3131	3505
3132	3505
3132	3506
3131	3506
3131	3534
3132	3534
3132	3538
3133	3538
3133	3558
3134	3558
3134	3572
3133	3572
3133	3598
3134	3598
3134	3612
3133	3612
3133	3629
3132	3629
3132	3646
3131	3646
3131	3657
3130	3657
3130	3685
3129	3685
3129	3698
3128	3698
3128	3705
3127	3705
3127	3712
3126	3712
3126	3719
3125	3719
3125	3724
3124	3724
3124	3727
3123	3727
3123	3734
3122	3734
3122	3737
3121	3737
3121	3744
3120	3744
3120	3751
3119	3751
3119	3755
3118	3755
3118	3761
3117	3761
3117	3767
3116	3767
3116	3774
3115	3774
3115	3798
3114	3798
3114	3804
3113	3804
3113	3817
3112	3817
3112	3834
3111	3834
3111	3861
3112	3861
3112	3874
3113	3874
3113	3884
3114	3884
3114	3894
3115	3894
3115	3907
3116	3907
3116	3918
3117	3918
3117	3924
3118	3924
3118	3933
3119	3933
3119	3942
3120	3942
3120	3949
3121	3949
3121	3960
3122	3960
3122	3966
3123	3966
3123	3982
3124	3982
3124	3988
3125	3988
3125	3996
3126	3996
3126	4005
3127	4005
3127	4010
3128	4010
3128	4016
3129	4016
3129	4024
3130	4024
3130	4030
3131	4030
3131	4040
3132	4040
3132	4050
3133	4050
3133	4063
3134	4063
3134	4069
3135	4069
3135	4072
3134	4072
3134	4079
3135	4079
3135	4092
3136	4092
3136	4104
3137	4104
3137	4106
3136	4106
3136	4119
3135	4119
3135	4150
3136	4150
3136	4156
3137	4156
3137	4172
3138	4172
3138	4184
3139	4184
3139	4186
3138	4186
3138	4188
3139	4188
3139	4191
3138	4191
3138	4192
3139	4192
3139	4200
3138	4200
3138	4205
3139	4205
3139	4210
3138	4210
3138	4222
3137	4222
3137	4226
3136	4226
3136	4231
3135	4231
3135	4236
3134	4236
3134	4242
3133	4242
3133	4251
3132	4251
3132	4258
3131	4258
3131	4266
3130	4266
3130	4269
3131	4269
3131	4276
3132	4276
3132	4291
3131	4291
3131	4311
3130	4311
3130	4318
3129	4318
3129	4350
3128	4350
3128	4365
3129	4365
3129	4384
3130	4384
3130	4438
3129	4438
3129	4449
3128	4449
3128	4455
3127	4455
3127	4470
3126	4470
3126	4488
3127	4488
3127	4518
3126	4518
3126	4533
3125	4533
3125	4552
3124	4552
3124	4553
3125	4553
3125	4563
3126	4563
3126	4574
3127	4574
3127	4580
3128	4580
3128	4586
3129	4586
3129	4593
3130	4593
3130	4597
3131	4597
3131	4607
3132	4607
3132	4615
3133	4615
3133	4622
3134	4622
3134	4634
3135	4634
3135	4643
3134	4643
3134	4666
3133	4666
