1478	3800
1479	3800
1479	3810
1480	3810
1480	3822
1481	3822
1481	3837
1480	3837
1480	3839
1481	3839
1481	3843
1480	3843
1480	3851
1479	3851
1479	3853
1480	3853
1480	3857
1479	3857
1479	3860
1480	3860
1480	3862
1479	3862
1479	3874
1480	3874
1480	3876
1479	3876
1479	3888
1480	3888
1480	3889
1479	3889
1479	3915
1478	3915
1478	3933
1477	3933
1477	3953
1476	3953
1476	3971
1475	3971
1475	3977
1476	3977
1476	3992
1477	3992
1477	3998
1478	3998
1478	4008
1477	4008
1477	4011
1478	4011
1478	4013
1477	4013
1477	4044
1476	4044
1476	4057
1475	4057
1475	4069
1474	4069
1474	4080
1473	4080
1473	4096
1472	4096
1472	4103
1471	4103
1471	4127
1470	4127
1470	4132
1469	4132
1469	4133
1470	4133
1470	4135
1469	4135
1469	4138
1470	4138
1470	4140
1469	4140
1469	4144
1468	4144
1468	4145
1469	4145
1469	4146
1470	4146
1470	4148
1469	4148
1469	4149
1470	4149
1470	4156
1469	4156
1469	4159
1470	4159
1470	4160
1469	4160
1469	4167
1468	4167
1468	4168
1469	4168
1469	4170
1468	4170
1468	4184
1469	4184
1469	4186
1468	4186
1468	4193
1470	4193
1470	4194
1471	4194
1471	4197
1468	4197
1468	4198
1470	4198
1470	4199
1471	4199
1471	4205
1472	4205
1472	4206
1471	4206
1471	4213
1470	4213
1470	4215
1468	4215
1468	4218
1467	4218
1467	4222
1466	4222
1466	4227
1465	4227
1465	4233
1464	4233
1464	4256
1465	4256
1465	4261
1466	4261
1466	4264
1467	4264
1467	4267
1468	4267
1468	4269
1469	4269
1469	4270
1470	4270
1470	4271
1472	4271
1472	4272
1475	4272
1475	4271
1477	4271
1477	4270
1479	4270
1479	4269
1480	4269
1480	4268
1481	4268
1481	4267
1482	4267
1482	4266
1484	4266
1484	4265
1485	4265
1485	4264
1487	4264
1487	4263
1488	4263
1488	4262
1489	4262
1489	4261
1491	4261
1491	4260
1492	4260
1492	4259
1494	4259
1494	4258
1496	4258
1496	4257
1498	4257
1498	4256
1500	4256
1500	4255
1501	4255
1501	4254
1502	4254
1502	4253
1504	4253
1504	4252
1505	4252
1505	4251
1506	4251
1506	4250
1508	4250
1508	4249
1509	4249
1509	4248
1510	4248
1510	4247
1512	4247
1512	4246
1514	4246
1514	4245
1515	4245
1515	4244
1518	4244
1518	4243
1519	4243
1519	4242
1522	4242
1522	4241
1524	4241
1524	4240
1525	4240
1525	4239
1526	4239
1526	4238
1527	4238
1527	4237
1528	4237
1528	4236
1530	4236
1530	4235
1531	4235
1531	4234
1532	4234
1532	4233
1533	4233
1533	4232
1535	4232
1535	4231
1536	4231
1536	4230
1538	4230
1538	4229
1539	4229
1539	4228
1541	4228
1541	4227
1542	4227
1542	4226
1543	4226
1543	4225
1544	4225
1544	4224
1545	4224
1545	4223
1547	4223
1547	4222
1548	4222
1548	4221
1549	4221
1549	4220
1551	4220
1551	4218
1552	4218
1552	4217
1554	4217
1554	4216
1556	4216
1556	4214
1557	4214
1557	4213
1558	4213
1558	4212
1559	4212
1559	4211
1560	4211
1560	4210
1561	4210
1561	4209
1563	4209
1563	4208
1564	4208
1564	4207
1565	4207
1565	4206
1566	4206
1566	4205
1567	4205
1567	4204
1568	4204
1568	4203
1570	4203
1570	4202
1571	4202
1571	4201
1573	4201
1573	4200
1574	4200
1574	4199
1575	4199
1575	4198
1576	4198
1576	4197
1577	4197
1577	4196
1578	4196
1578	4195
1579	4195
1579	4194
1581	4194
1581	4193
1582	4193
1582	4192
1583	4192
1583	4191
1584	4191
1584	4190
1585	4190
1585	4189
1586	4189
1586	4188
1587	4188
1587	4187
1589	4187
1589	4186
1591	4186
1591	4185
1593	4185
1593	4184
1594	4184
1594	4183
1595	4183
1595	4182
1597	4182
1597	4181
1599	4181
1599	4180
1600	4180
1600	4179
1601	4179
1601	4178
1603	4178
1603	4177
1604	4177
1604	4176
1606	4176
1606	4175
1607	4175
1607	4174
1608	4174
1608	4173
1609	4173
1609	4172
1610	4172
1610	4171
1611	4171
1611	4170
1612	4170
1612	4169
1613	4169
1613	4168
1615	4168
1615	4167
1616	4167
1616	4166
1618	4166
1618	4165
1619	4165
1619	4164
1620	4164
1620	4163
1622	4163
1622	4162
1623	4162
1623	4161
1625	4161
1625	4160
1626	4160
1626	4159
1628	4159
1628	4158
1629	4158
1629	4157
1630	4157
1630	4156
1632	4156
1632	4155
1633	4155
1633	4154
1635	4154
1635	4153
1636	4153
1636	4152
1637	4152
1637	4151
1638	4151
1638	4150
1639	4150
1639	4149
1641	4149
1641	4148
1642	4148
1642	4147
1643	4147
1643	4146
1644	4146
1644	4145
1645	4145
1645	4144
1647	4144
1647	4143
1649	4143
1649	4142
1650	4142
1650	4141
1651	4141
1651	4140
1652	4140
1652	4139
1653	4139
1653	4138
1655	4138
1655	4137
1656	4137
1656	4136
1658	4136
1658	4135
1660	4135
1660	4134
1661	4134
1661	4133
1662	4133
1662	4132
1664	4132
1664	4131
1666	4131
1666	4130
1668	4130
1668	4129
1670	4129
1670	4128
1672	4128
1672	4127
1674	4127
1674	4126
1676	4126
1676	4125
1678	4125
1678	4124
1679	4124
1679	4123
1681	4123
1681	4122
1683	4122
1683	4121
1685	4121
1685	4120
1687	4120
1687	4119
1688	4119
1688	4118
1690	4118
1690	4117
1692	4117
1692	4116
1694	4116
1694	4115
1696	4115
1696	4114
1697	4114
1697	4113
1699	4113
1699	4112
1701	4112
1701	4111
1703	4111
1703	4110
1704	4110
1704	4109
1706	4109
1706	4108
1707	4108
1707	4107
1710	4107
1710	4106
1711	4106
1711	4105
1712	4105
1712	4104
1714	4104
1714	4103
1715	4103
1715	4102
1717	4102
1717	4101
1718	4101
1718	4100
1720	4100
1720	4099
1721	4099
1721	4098
1722	4098
1722	4097
1723	4097
1723	4096
1724	4096
1724	4095
1727	4095
1727	4094
1728	4094
1728	4093
1729	4093
1729	4092
1730	4092
1730	4091
1732	4091
1732	4090
1733	4090
1733	4089
1735	4089
1735	4088
1737	4088
1737	4087
1738	4087
1738	4086
1740	4086
1740	4085
1741	4085
1741	4084
1743	4084
1743	4083
1744	4083
1744	4082
1746	4082
1746	4081
1748	4081
1748	4080
1749	4080
1749	4079
1752	4079
1752	4078
1753	4078
1753	4077
1755	4077
1755	4076
1756	4076
1756	4075
1758	4075
1758	4074
1760	4074
1760	4073
1761	4073
1761	4072
1763	4072
1763	4071
1765	4071
1765	4070
1767	4070
1767	4069
1769	4069
1769	4068
1770	4068
1770	4067
1772	4067
1772	4066
1774	4066
1774	4065
1776	4065
1776	4064
1778	4064
1778	4063
1780	4063
1780	4062
1782	4062
1782	4061
1784	4061
1784	4060
1786	4060
1786	4059
1788	4059
1788	4058
1789	4058
1789	4057
1791	4057
1791	4056
1793	4056
1793	4055
1795	4055
1795	4054
1796	4054
1796	4053
1798	4053
1798	4052
1799	4052
1799	4051
1801	4051
1801	4050
1803	4050
1803	4049
1804	4049
1804	4048
1805	4048
1805	4047
1807	4047
1807	4046
1808	4046
1808	4045
1811	4045
1811	4044
1812	4044
1812	4043
1814	4043
1814	4042
1815	4042
1815	4041
1817	4041
1817	4040
1818	4040
1818	4039
1820	4039
1820	4038
1821	4038
1821	4037
1823	4037
1823	4036
1824	4036
1824	4035
1826	4035
1826	4034
1828	4034
1828	4033
1829	4033
1829	4032
1831	4032
1831	4031
1832	4031
1832	4030
1834	4030
1834	4029
1836	4029
1836	4028
1837	4028
1837	4027
1839	4027
1839	4026
1840	4026
1840	4025
1841	4025
1841	4024
1843	4024
1843	4023
1844	4023
1844	4022
1846	4022
1846	4021
1847	4021
1847	4020
1848	4020
1848	4019
1849	4019
1849	4018
1850	4018
1850	4017
1852	4017
1852	4016
1854	4016
1854	4015
1856	4015
1856	4014
1857	4014
1857	4013
1859	4013
1859	4012
1860	4012
1860	4011
1862	4011
1862	4010
1864	4010
1864	4009
1865	4009
1865	4008
1866	4008
1866	4007
1868	4007
1868	4006
1870	4006
1870	4005
1871	4005
1871	4004
1873	4004
1873	4003
1875	4003
1875	4002
1876	4002
1876	4001
1878	4001
1878	4000
1880	4000
1880	3999
1882	3999
1882	3998
1884	3998
1884	3997
1886	3997
1886	3996
1888	3996
1888	3995
1890	3995
1890	3994
1892	3994
1892	3993
1894	3993
1894	3992
1897	3992
1897	3991
1898	3991
1898	3990
1900	3990
1900	3989
1901	3989
1901	3988
1903	3988
1903	3987
1905	3987
1905	3986
1906	3986
1906	3985
1908	3985
1908	3984
1909	3984
1909	3983
1911	3983
1911	3982
1913	3982
1913	3981
1915	3981
1915	3980
1916	3980
1916	3979
1918	3979
1918	3978
1919	3978
1919	3977
1922	3977
1922	3976
1923	3976
1923	3975
1924	3975
1924	3974
1926	3974
1926	3973
1928	3973
1928	3972
1930	3972
1930	3971
1932	3971
1932	3970
1934	3970
1934	3969
1935	3969
1935	3968
1938	3968
1938	3967
1939	3967
1939	3966
1941	3966
1941	3965
1942	3965
1942	3964
1944	3964
1944	3963
1946	3963
1946	3962
1948	3962
1948	3961
1950	3961
1950	3960
1951	3960
1951	3959
1953	3959
1953	3958
1955	3958
1955	3957
1957	3957
1957	3956
1958	3956
1958	3955
1960	3955
1960	3954
1961	3954
1961	3953
1962	3953
1962	3952
1964	3952
1964	3951
1966	3951
1966	3950
1967	3950
1967	3949
1969	3949
1969	3948
1970	3948
1970	3947
1972	3947
1972	3946
1974	3946
1974	3945
1975	3945
1975	3944
1978	3944
1978	3943
1979	3943
1979	3941
1981	3941
1981	3940
1982	3940
1982	3939
1984	3939
1984	3938
1985	3938
1985	3937
1986	3937
1986	3936
1988	3936
1988	3935
1990	3935
1990	3934
1991	3934
1991	3933
1993	3933
1993	3932
1995	3932
1995	3931
1997	3931
1997	3930
1999	3930
1999	3929
2001	3929
2001	3928
2002	3928
2002	3927
2004	3927
2004	3926
2005	3926
2005	3925
2008	3925
2008	3924
2009	3924
2009	3923
2011	3923
2011	3922
2014	3922
2014	3921
2016	3921
2016	3920
2017	3920
2017	3919
2019	3919
2019	3918
2021	3918
2021	3917
2023	3917
2023	3916
2025	3916
2025	3915
2026	3915
2026	3914
2028	3914
2028	3913
2030	3913
2030	3912
2032	3912
2032	3911
2034	3911
2034	3910
2035	3910
2035	3909
2037	3909
2037	3908
2038	3908
2038	3907
2040	3907
2040	3906
2041	3906
2041	3905
2043	3905
2043	3904
2044	3904
2044	3903
2046	3903
2046	3902
2048	3902
2048	3901
2050	3901
2050	3900
2051	3900
2051	3899
2052	3899
2052	3898
2054	3898
2054	3897
2056	3897
2056	3896
2057	3896
2057	3895
2059	3895
2059	3894
2060	3894
2060	3893
2062	3893
2062	3892
2063	3892
2063	3891
2065	3891
2065	3890
2067	3890
2067	3889
2069	3889
2069	3888
2070	3888
2070	3887
2071	3887
2071	3886
2073	3886
2073	3885
2076	3885
2076	3884
2077	3884
2077	3883
2079	3883
2079	3882
2081	3882
2081	3881
2083	3881
2083	3880
2085	3880
2085	3879
2087	3879
2087	3878
2088	3878
2088	3877
2090	3877
2090	3876
2092	3876
2092	3875
2093	3875
2093	3874
2094	3874
2094	3873
2096	3873
2096	3872
2098	3872
2098	3871
2099	3871
2099	3870
2101	3870
2101	3869
2102	3869
2102	3868
2104	3868
2104	3867
2106	3867
2106	3866
2107	3866
2107	3865
2109	3865
2109	3864
2111	3864
2111	3863
2113	3863
2113	3862
2115	3862
2115	3861
2116	3861
2116	3860
2119	3860
2119	3859
2120	3859
2120	3858
2122	3858
2122	3857
2123	3857
2123	3856
2124	3856
2124	3855
2126	3855
2126	3854
2128	3854
2128	3853
2129	3853
2129	3852
2130	3852
2130	3851
2132	3851
2132	3850
2134	3850
2134	3849
2136	3849
2136	3848
2137	3848
2137	3847
2139	3847
2139	3846
2140	3846
2140	3845
2142	3845
2142	3844
2143	3844
2143	3843
2145	3843
2145	3842
2147	3842
2147	3841
2148	3841
2148	3840
2150	3840
2150	3839
2152	3839
2152	3838
2154	3838
2154	3837
2156	3837
2156	3836
2158	3836
2158	3835
2160	3835
2160	3834
2162	3834
2162	3833
2164	3833
2164	3832
2166	3832
2166	3831
2169	3831
2169	3830
2171	3830
2171	3829
2172	3829
2172	3828
2174	3828
2174	3827
2176	3827
2176	3826
2178	3826
2178	3825
2180	3825
2180	3824
2182	3824
2182	3823
2184	3823
2184	3822
2187	3822
2187	3821
2189	3821
2189	3820
2190	3820
2190	3819
2192	3819
2192	3818
2194	3818
2194	3817
2196	3817
2196	3816
2198	3816
2198	3815
2200	3815
2200	3814
2203	3814
2203	3813
2205	3813
2205	3812
2207	3812
2207	3811
2209	3811
2209	3810
2211	3810
2211	3809
2213	3809
2213	3808
2215	3808
2215	3807
2216	3807
2216	3806
2218	3806
2218	3805
2220	3805
2220	3804
2222	3804
2222	3803
2224	3803
2224	3802
2225	3802
2225	3801
2227	3801
2227	3800
2229	3800
2229	3799
2230	3799
2230	3798
2232	3798
2232	3797
2234	3797
2234	3796
2236	3796
2236	3795
2238	3795
2238	3794
2240	3794
2240	3793
2241	3793
2241	3792
2243	3792
2243	3791
2245	3791
2245	3790
2247	3790
2247	3789
2248	3789
2248	3788
2249	3788
2249	3787
2251	3787
2251	3786
2253	3786
2253	3785
2255	3785
2255	3784
2256	3784
2256	3783
2257	3783
2257	3782
2259	3782
2259	3781
2261	3781
2261	3780
2263	3780
2263	3779
2264	3779
2264	3778
2267	3778
2267	3777
2268	3777
2268	3776
2271	3776
2271	3775
2273	3775
2273	3774
2275	3774
2275	3773
2278	3773
2278	3772
2281	3772
2281	3771
2283	3771
2283	3770
2285	3770
2285	3769
2287	3769
2287	3768
2290	3768
2290	3767
2293	3767
2293	3766
2295	3766
2295	3765
2297	3765
2297	3764
2299	3764
2299	3763
2300	3763
2300	3762
2302	3762
2302	3761
2304	3761
2304	3760
2306	3760
2306	3759
2308	3759
2308	3758
2310	3758
2310	3757
2312	3757
2312	3756
2314	3756
2314	3755
2316	3755
2316	3754
2318	3754
2318	3753
2320	3753
2320	3752
2322	3752
2322	3751
2324	3751
2324	3750
2326	3750
2326	3749
2327	3749
2327	3748
2329	3748
2329	3747
2331	3747
2331	3746
2333	3746
2333	3745
2335	3745
2335	3744
2336	3744
2336	3743
2339	3743
2339	3742
2341	3742
2341	3741
2343	3741
2343	3740
2345	3740
2345	3739
2347	3739
2347	3738
2349	3738
2349	3737
2351	3737
2351	3736
2353	3736
2353	3735
2355	3735
2355	3734
2358	3734
2358	3733
2360	3733
2360	3732
2362	3732
2362	3731
2364	3731
2364	3730
2366	3730
2366	3729
2368	3729
2368	3728
2370	3728
2370	3727
2372	3727
2372	3726
2374	3726
2374	3725
2377	3725
2377	3724
2379	3724
2379	3723
2382	3723
2382	3722
2384	3722
2384	3721
2387	3721
2387	3720
2390	3720
2390	3719
2392	3719
2392	3718
2398	3718
2398	3719
2400	3719
2400	3720
2401	3720
2401	3719
2406	3719
2406	3718
2409	3718
2409	3717
2410	3717
2410	3715
2411	3715
2411	3714
2412	3714
2412	3712
2417	3712
2417	3711
2425	3711
2425	3710
2426	3710
2426	3709
2428	3709
2428	3708
2429	3708
2429	3709
2430	3709
2430	3710
2435	3710
2435	3709
2444	3709
2444	3708
2457	3708
2457	3709
2465	3709
2465	3710
2468	3710
2468	3711
2471	3711
2471	3712
2474	3712
2474	3713
2475	3713
2475	3714
2476	3714
2476	3715
2477	3715
2477	3716
2478	3716
2478	3718
2480	3718
2480	3719
2482	3719
2482	3720
2481	3720
2481	3722
2477	3722
2477	3724
2479	3724
2479	3726
2480	3726
2480	3732
2479	3732
2479	3736
2478	3736
2478	3738
2477	3738
2477	3739
2476	3739
2476	3741
2475	3741
2475	3742
2474	3742
2474	3743
2473	3743
2473	3744
2472	3744
2472	3746
2470	3746
2470	3748
2469	3748
2469	3749
2468	3749
2468	3750
2466	3750
2466	3752
2464	3752
2464	3753
2462	3753
2462	3754
2461	3754
2461	3755
2460	3755
2460	3756
2458	3756
2458	3757
2456	3757
2456	3758
2455	3758
2455	3759
2454	3759
2454	3760
2453	3760
2453	3761
2451	3761
2451	3762
2450	3762
2450	3763
2449	3763
2449	3764
2447	3764
2447	3765
2446	3765
2446	3766
2445	3766
2445	3767
2443	3767
2443	3768
2441	3768
2441	3769
2439	3769
2439	3770
2437	3770
2437	3771
2436	3771
2436	3772
2435	3772
2435	3773
2433	3773
2433	3774
2432	3774
2432	3775
2431	3775
2431	3776
2430	3776
2430	3777
2428	3777
2428	3778
2426	3778
2426	3779
2425	3779
2425	3780
2423	3780
2423	3781
2419	3781
2419	3782
2418	3782
2418	3783
2417	3783
2417	3784
2416	3784
2416	3785
2414	3785
2414	3786
2413	3786
2413	3787
2410	3787
2410	3788
2409	3788
2409	3789
2407	3789
2407	3790
2406	3790
2406	3791
2404	3791
2404	3792
2402	3792
2402	3793
2401	3793
2401	3794
2399	3794
2399	3795
2397	3795
2397	3796
2395	3796
2395	3797
2394	3797
2394	3798
2392	3798
2392	3799
2391	3799
2391	3800
2389	3800
2389	3801
2387	3801
2387	3802
2386	3802
2386	3803
2385	3803
2385	3804
2383	3804
2383	3805
2381	3805
2381	3806
2379	3806
2379	3807
2376	3807
2376	3808
2374	3808
2374	3809
2373	3809
2373	3810
2371	3810
2371	3811
2369	3811
2369	3812
2367	3812
2367	3813
2365	3813
2365	3814
2363	3814
2363	3815
2361	3815
2361	3816
2359	3816
2359	3817
2357	3817
2357	3818
2355	3818
2355	3819
2353	3819
2353	3820
2352	3820
2352	3821
2351	3821
2351	3822
2348	3822
2348	3823
2347	3823
2347	3824
2345	3824
2345	3825
2343	3825
2343	3826
2341	3826
2341	3827
2339	3827
2339	3828
2337	3828
2337	3829
2335	3829
2335	3830
2334	3830
2334	3831
2332	3831
2332	3832
2330	3832
2330	3833
2328	3833
2328	3834
2326	3834
2326	3835
2324	3835
2324	3836
2322	3836
2322	3837
2319	3837
2319	3838
2317	3838
2317	3839
2315	3839
2315	3840
2314	3840
2314	3841
2313	3841
2313	3842
2311	3842
2311	3843
2309	3843
2309	3844
2307	3844
2307	3845
2306	3845
2306	3846
2304	3846
2304	3847
2302	3847
2302	3848
2300	3848
2300	3849
2298	3849
2298	3850
2297	3850
2297	3851
2295	3851
2295	3852
2293	3852
2293	3853
2292	3853
2292	3854
2290	3854
2290	3855
2289	3855
2289	3856
2288	3856
2288	3857
2286	3857
2286	3858
2284	3858
2284	3859
2283	3859
2283	3860
2281	3860
2281	3861
2278	3861
2278	3862
2277	3862
2277	3863
2275	3863
2275	3864
2273	3864
2273	3865
2271	3865
2271	3866
2269	3866
2269	3867
2267	3867
2267	3868
2265	3868
2265	3869
2264	3869
2264	3870
2262	3870
2262	3871
2260	3871
2260	3872
2258	3872
2258	3873
2256	3873
2256	3874
2255	3874
2255	3875
2253	3875
2253	3876
2251	3876
2251	3877
2250	3877
2250	3878
2248	3878
2248	3879
2247	3879
2247	3880
2246	3880
2246	3881
2244	3881
2244	3882
2243	3882
2243	3883
2242	3883
2242	3884
2241	3884
2241	3885
2240	3885
2240	3886
2238	3886
2238	3887
2237	3887
2237	3888
2236	3888
2236	3889
2235	3889
2235	3890
2233	3890
2233	3891
2232	3891
2232	3892
2231	3892
2231	3893
2229	3893
2229	3894
2228	3894
2228	3895
2226	3895
2226	3896
2224	3896
2224	3897
2223	3897
2223	3898
2221	3898
2221	3899
2220	3899
2220	3900
2218	3900
2218	3901
2217	3901
2217	3902
2215	3902
2215	3903
2213	3903
2213	3904
2212	3904
2212	3905
2211	3905
2211	3906
2209	3906
2209	3907
2208	3907
2208	3908
2207	3908
2207	3909
2206	3909
2206	3910
2204	3910
2204	3911
2203	3911
2203	3912
2201	3912
2201	3913
2200	3913
2200	3914
2198	3914
2198	3915
2196	3915
2196	3916
2194	3916
2194	3917
2193	3917
2193	3918
2191	3918
2191	3919
2190	3919
2190	3920
2188	3920
2188	3921
2186	3921
2186	3922
2184	3922
2184	3923
2182	3923
2182	3924
2180	3924
2180	3925
2178	3925
2178	3926
2176	3926
2176	3927
2173	3927
2173	3928
2171	3928
2171	3929
2169	3929
2169	3930
2167	3930
2167	3931
2165	3931
2165	3932
2163	3932
2163	3933
2162	3933
2162	3934
2160	3934
2160	3935
2157	3935
2157	3936
2155	3936
2155	3937
2154	3937
2154	3938
2152	3938
2152	3939
2150	3939
2150	3940
2148	3940
2148	3941
2146	3941
2146	3942
2144	3942
2144	3943
2142	3943
2142	3944
2141	3944
2141	3945
2139	3945
2139	3946
2137	3946
2137	3947
2136	3947
2136	3948
2134	3948
2134	3949
2132	3949
2132	3950
2130	3950
2130	3951
2129	3951
2129	3952
2128	3952
2128	3953
2126	3953
2126	3954
2124	3954
2124	3955
2122	3955
2122	3956
2121	3956
2121	3957
2119	3957
2119	3958
2118	3958
2118	3959
2116	3959
2116	3960
2114	3960
2114	3961
2112	3961
2112	3962
2111	3962
2111	3963
2110	3963
2110	3964
2108	3964
2108	3965
2107	3965
2107	3966
2105	3966
2105	3967
2103	3967
2103	3968
2101	3968
2101	3969
2099	3969
2099	3970
2098	3970
2098	3971
2096	3971
2096	3972
2094	3972
2094	3973
2093	3973
2093	3974
2091	3974
2091	3975
2089	3975
2089	3976
2088	3976
2088	3977
2086	3977
2086	3978
2084	3978
2084	3979
2082	3979
2082	3980
2081	3980
2081	3981
2079	3981
2079	3982
2077	3982
2077	3983
2075	3983
2075	3984
2074	3984
2074	3985
2073	3985
2073	3986
2071	3986
2071	3987
2070	3987
2070	3988
2068	3988
2068	3989
2067	3989
2067	3990
2065	3990
2065	3991
2064	3991
2064	3992
2062	3992
2062	3993
2061	3993
2061	3994
2059	3994
2059	3995
2058	3995
2058	3996
2056	3996
2056	3997
2055	3997
2055	3998
2053	3998
2053	3999
2051	3999
2051	4000
2050	4000
2050	4001
2049	4001
2049	4002
2048	4002
2048	4003
2046	4003
2046	4004
2044	4004
2044	4005
2042	4005
2042	4006
2041	4006
2041	4007
2039	4007
2039	4008
2037	4008
2037	4009
2036	4009
2036	4010
2034	4010
2034	4011
2032	4011
2032	4012
2031	4012
2031	4013
2029	4013
2029	4014
2028	4014
2028	4015
2027	4015
2027	4016
2025	4016
2025	4017
2024	4017
2024	4018
2022	4018
2022	4019
2021	4019
2021	4020
2019	4020
2019	4021
2017	4021
2017	4022
2016	4022
2016	4023
2014	4023
2014	4024
2012	4024
2012	4025
2011	4025
2011	4026
2009	4026
2009	4027
2008	4027
2008	4028
2006	4028
2006	4029
2004	4029
2004	4030
2003	4030
2003	4031
2001	4031
2001	4032
2000	4032
2000	4033
1998	4033
1998	4034
1996	4034
1996	4035
1995	4035
1995	4036
1993	4036
1993	4037
1991	4037
1991	4038
1990	4038
1990	4039
1988	4039
1988	4040
1986	4040
1986	4041
1984	4041
1984	4042
1982	4042
1982	4043
1980	4043
1980	4044
1978	4044
1978	4045
1976	4045
1976	4046
1975	4046
1975	4047
1972	4047
1972	4048
1970	4048
1970	4049
1967	4049
1967	4050
1965	4050
1965	4051
1963	4051
1963	4052
1962	4052
1962	4053
1960	4053
1960	4054
1958	4054
1958	4055
1957	4055
1957	4056
1955	4056
1955	4057
1953	4057
1953	4058
1952	4058
1952	4059
1950	4059
1950	4060
1948	4060
1948	4061
1946	4061
1946	4062
1944	4062
1944	4063
1942	4063
1942	4064
1940	4064
1940	4065
1938	4065
1938	4066
1936	4066
1936	4067
1934	4067
1934	4068
1933	4068
1933	4069
1931	4069
1931	4070
1930	4070
1930	4071
1928	4071
1928	4072
1926	4072
1926	4073
1925	4073
1925	4074
1924	4074
1924	4075
1922	4075
1922	4076
1920	4076
1920	4077
1919	4077
1919	4078
1918	4078
1918	4079
1916	4079
1916	4080
1914	4080
1914	4081
1912	4081
1912	4082
1911	4082
1911	4083
1909	4083
1909	4084
1908	4084
1908	4085
1906	4085
1906	4086
1904	4086
1904	4087
1902	4087
1902	4088
1901	4088
1901	4089
1900	4089
1900	4090
1898	4090
1898	4091
1897	4091
1897	4092
1895	4092
1895	4093
1892	4093
1892	4094
1891	4094
1891	4095
1889	4095
1889	4096
1887	4096
1887	4097
1885	4097
1885	4098
1883	4098
1883	4099
1882	4099
1882	4100
1880	4100
1880	4101
1879	4101
1879	4102
1877	4102
1877	4103
1875	4103
1875	4104
1874	4104
1874	4105
1872	4105
1872	4106
1871	4106
1871	4107
1869	4107
1869	4108
1868	4108
1868	4109
1866	4109
1866	4110
1865	4110
1865	4111
1863	4111
1863	4112
1861	4112
1861	4113
1860	4113
1860	4114
1858	4114
1858	4115
1856	4115
1856	4116
1855	4116
1855	4117
1853	4117
1853	4118
1851	4118
1851	4119
1850	4119
1850	4120
1849	4120
1849	4121
1848	4121
1848	4122
1846	4122
1846	4123
1845	4123
1845	4124
1844	4124
1844	4125
1842	4125
1842	4126
1841	4126
1841	4127
1839	4127
1839	4128
1838	4128
1838	4129
1837	4129
1837	4130
1834	4130
1834	4131
1833	4131
1833	4132
1832	4132
1832	4133
1830	4133
1830	4134
1828	4134
1828	4135
1827	4135
1827	4136
1825	4136
1825	4137
1824	4137
1824	4138
1823	4138
1823	4139
1821	4139
1821	4140
1819	4140
1819	4141
1817	4141
1817	4142
1816	4142
1816	4143
1814	4143
1814	4144
1812	4144
1812	4145
1811	4145
1811	4146
1809	4146
1809	4147
1807	4147
1807	4148
1805	4148
1805	4149
1804	4149
1804	4150
1801	4150
1801	4151
1799	4151
1799	4152
1797	4152
1797	4153
1796	4153
1796	4154
1794	4154
1794	4155
1792	4155
1792	4156
1790	4156
1790	4157
1787	4157
1787	4158
1785	4158
1785	4159
1783	4159
1783	4160
1781	4160
1781	4161
1780	4161
1780	4162
1778	4162
1778	4163
1777	4163
1777	4164
1774	4164
1774	4165
1773	4165
1773	4166
1771	4166
1771	4167
1769	4167
1769	4168
1767	4168
1767	4169
1765	4169
1765	4170
1764	4170
1764	4171
1763	4171
1763	4172
1762	4172
1762	4173
1760	4173
1760	4174
1758	4174
1758	4175
1756	4175
1756	4176
1755	4176
1755	4177
1753	4177
1753	4178
1752	4178
1752	4179
1751	4179
1751	4180
1749	4180
1749	4181
1747	4181
1747	4182
1746	4182
1746	4183
1744	4183
1744	4184
1743	4184
1743	4185
1741	4185
1741	4186
1739	4186
1739	4187
1737	4187
1737	4188
1736	4188
1736	4189
1734	4189
1734	4190
1732	4190
1732	4191
1730	4191
1730	4192
1728	4192
1728	4193
1726	4193
1726	4194
1724	4194
1724	4195
1722	4195
1722	4196
1721	4196
1721	4197
1719	4197
1719	4198
1718	4198
1718	4199
1716	4199
1716	4200
1714	4200
1714	4201
1713	4201
1713	4202
1711	4202
1711	4203
1710	4203
1710	4204
1708	4204
1708	4205
1706	4205
1706	4206
1705	4206
1705	4207
1703	4207
1703	4208
1701	4208
1701	4209
1699	4209
1699	4210
1697	4210
1697	4211
1695	4211
1695	4212
1694	4212
1694	4213
1692	4213
1692	4214
1689	4214
1689	4215
1687	4215
1687	4216
1685	4216
1685	4217
1683	4217
1683	4218
1680	4218
1680	4219
1678	4219
1678	4220
1675	4220
1675	4221
1673	4221
1673	4222
1671	4222
1671	4223
1669	4223
1669	4224
1667	4224
1667	4225
1665	4225
1665	4226
1664	4226
1664	4227
1662	4227
1662	4228
1661	4228
1661	4229
1659	4229
1659	4230
1657	4230
1657	4231
1654	4231
1654	4232
1653	4232
1653	4233
1652	4233
1652	4234
1650	4234
1650	4235
1647	4235
1647	4236
1646	4236
1646	4237
1644	4237
1644	4238
1642	4238
1642	4239
1639	4239
1639	4240
1638	4240
1638	4241
1636	4241
1636	4242
1634	4242
1634	4243
1633	4243
1633	4244
1630	4244
1630	4245
1628	4245
1628	4246
1627	4246
1627	4247
1626	4247
1626	4248
1624	4248
1624	4249
1621	4249
1621	4250
1620	4250
1620	4251
1618	4251
1618	4252
1617	4252
1617	4253
1615	4253
1615	4254
1613	4254
1613	4255
1611	4255
1611	4256
1609	4256
1609	4257
1607	4257
1607	4258
1606	4258
1606	4259
1604	4259
1604	4260
1603	4260
1603	4261
1601	4261
1601	4262
1599	4262
1599	4263
1598	4263
1598	4264
1596	4264
1596	4265
1594	4265
1594	4266
1592	4266
1592	4267
1591	4267
1591	4268
1589	4268
1589	4269
1587	4269
1587	4270
1586	4270
1586	4271
1584	4271
1584	4272
1582	4272
1582	4273
1579	4273
1579	4274
1577	4274
1577	4275
1575	4275
1575	4276
1574	4276
1574	4277
1572	4277
1572	4278
1570	4278
1570	4279
1568	4279
1568	4280
1566	4280
1566	4281
1564	4281
1564	4282
1561	4282
1561	4283
1560	4283
1560	4284
1559	4284
1559	4285
1558	4285
1558	4284
1557	4284
1557	4282
1555	4282
1555	4283
1554	4283
1554	4285
1555	4285
1555	4286
1556	4286
1556	4288
1554	4288
1554	4289
1551	4289
1551	4290
1548	4290
1548	4291
1546	4291
1546	4292
1544	4292
1544	4293
1542	4293
1542	4294
1541	4294
1541	4295
1539	4295
1539	4296
1538	4296
1538	4297
1536	4297
1536	4298
1535	4298
1535	4300
1534	4300
1534	4301
1533	4301
1533	4302
1532	4302
1532	4303
1531	4303
1531	4307
1529	4307
1529	4306
1528	4306
1528	4309
1527	4309
1527	4312
1528	4312
1528	4313
1531	4313
1531	4314
1532	4314
1532	4315
1533	4315
1533	4316
1535	4316
1535	4317
1537	4317
1537	4318
1539	4318
1539	4319
1542	4319
1542	4320
1544	4320
1544	4321
1546	4321
1546	4322
1548	4322
1548	4323
1551	4323
1551	4324
1552	4324
1552	4325
1554	4325
1554	4326
1556	4326
1556	4327
1558	4327
1558	4328
1559	4328
1559	4329
1561	4329
1561	4330
1562	4330
1562	4331
1565	4331
1565	4332
1567	4332
1567	4333
1569	4333
1569	4334
1571	4334
1571	4335
1574	4335
1574	4336
1576	4336
1576	4337
1579	4337
1579	4338
1582	4338
1582	4339
1584	4339
1584	4340
1586	4340
1586	4341
1588	4341
1588	4342
1591	4342
1591	4343
1592	4343
1592	4344
1594	4344
1594	4345
1595	4345
1595	4346
1597	4346
1597	4347
1599	4347
1599	4348
1600	4348
1600	4349
1602	4349
1602	4350
1604	4350
1604	4351
1606	4351
1606	4352
1608	4352
1608	4353
1609	4353
1609	4354
1611	4354
1611	4355
1612	4355
1612	4356
1613	4356
1613	4357
1616	4357
1616	4358
1617	4358
1617	4359
1619	4359
1619	4360
1620	4360
1620	4361
1621	4361
1621	4362
1624	4362
1624	4363
1625	4363
1625	4364
1627	4364
1627	4365
1629	4365
1629	4366
1630	4366
1630	4367
1632	4367
1632	4368
1633	4368
1633	4369
1635	4369
1635	4370
1636	4370
1636	4371
1637	4371
1637	4372
1639	4372
1639	4373
1641	4373
1641	4374
1642	4374
1642	4375
1644	4375
1644	4376
1646	4376
1646	4377
1648	4377
1648	4378
1650	4378
1650	4379
1651	4379
1651	4380
1653	4380
1653	4381
1654	4381
1654	4382
1656	4382
1656	4383
1658	4383
1658	4384
1660	4384
1660	4385
1662	4385
1662	4386
1664	4386
1664	4387
1667	4387
1667	4388
1669	4388
1669	4389
1671	4389
1671	4390
1674	4390
1674	4391
1676	4391
1676	4392
1678	4392
1678	4393
1679	4393
1679	4394
1681	4394
1681	4395
1683	4395
1683	4396
1685	4396
1685	4397
1687	4397
1687	4398
1688	4398
1688	4399
1691	4399
1691	4400
1693	4400
1693	4401
1696	4401
1696	4402
1698	4402
1698	4403
1702	4403
1702	4404
1704	4404
1704	4405
1706	4405
1706	4406
1707	4406
1707	4407
1710	4407
1710	4408
1711	4408
1711	4409
1713	4409
1713	4410
1715	4410
1715	4411
1717	4411
1717	4412
1719	4412
1719	4413
1720	4413
1720	4414
1722	4414
1722	4415
1723	4415
1723	4416
1725	4416
1725	4417
1727	4417
1727	4418
1729	4418
1729	4419
1731	4419
1731	4420
1732	4420
1732	4421
1734	4421
1734	4422
1736	4422
1736	4423
1737	4423
1737	4424
1738	4424
1738	4425
1740	4425
1740	4426
1742	4426
1742	4427
1744	4427
1744	4428
1745	4428
1745	4429
1746	4429
1746	4430
1748	4430
1748	4431
1749	4431
1749	4432
1750	4432
1750	4433
1752	4433
1752	4434
1754	4434
1754	4435
1755	4435
1755	4436
1757	4436
1757	4437
1758	4437
1758	4438
1760	4438
1760	4439
1762	4439
1762	4440
1763	4440
1763	4441
1765	4441
1765	4442
1766	4442
1766	4443
1768	4443
1768	4444
1769	4444
1769	4445
1770	4445
1770	4446
1772	4446
1772	4447
1773	4447
1773	4448
1775	4448
1775	4449
1776	4449
1776	4450
1778	4450
1778	4451
1779	4451
1779	4452
1781	4452
1781	4453
1782	4453
1782	4454
1784	4454
1784	4455
1786	4455
1786	4456
1787	4456
1787	4457
1788	4457
1788	4458
1789	4458
1789	4459
1790	4459
1790	4460
1791	4460
1791	4461
1792	4461
1792	4462
1794	4462
1794	4463
1795	4463
1795	4464
1796	4464
1796	4465
1798	4465
1798	4466
1799	4466
1799	4467
1800	4467
1800	4468
1802	4468
1802	4469
1804	4469
1804	4470
1805	4470
1805	4471
1807	4471
1807	4472
1808	4472
1808	4473
1809	4473
1809	4474
1811	4474
1811	4475
1812	4475
1812	4476
1813	4476
1813	4477
1814	4477
1814	4478
1815	4478
1815	4479
1816	4479
1816	4480
1818	4480
1818	4481
1819	4481
1819	4482
1821	4482
1821	4483
1823	4483
1823	4484
1824	4484
1824	4485
1826	4485
1826	4486
1828	4486
1828	4487
1830	4487
1830	4488
1831	4488
1831	4489
1832	4489
1832	4490
1834	4490
1834	4491
1835	4491
1835	4492
1836	4492
1836	4493
1838	4493
1838	4494
1839	4494
1839	4495
1840	4495
1840	4496
1841	4496
1841	4497
1842	4497
1842	4498
1844	4498
1844	4499
1845	4499
1845	4500
1847	4500
1847	4501
1849	4501
1849	4503
1850	4503
1850	4504
1852	4504
1852	4505
1854	4505
1854	4506
1855	4506
1855	4507
1856	4507
1856	4508
1858	4508
1858	4509
1859	4509
1859	4510
1861	4510
1861	4511
1863	4511
1863	4512
1864	4512
1864	4513
1866	4513
1866	4514
1867	4514
1867	4515
1869	4515
1869	4516
1871	4516
1871	4517
1872	4517
1872	4518
1874	4518
1874	4519
1875	4519
1875	4520
1877	4520
1877	4521
1879	4521
1879	4522
1880	4522
1880	4523
1882	4523
1882	4524
1883	4524
1883	4525
1884	4525
1884	4526
1885	4526
1885	4527
1887	4527
1887	4528
1889	4528
1889	4529
1890	4529
1890	4530
1891	4530
1891	4531
1893	4531
1893	4532
1895	4532
1895	4533
1896	4533
1896	4534
1898	4534
1898	4535
1900	4535
1900	4536
1901	4536
1901	4537
1903	4537
1903	4538
1904	4538
1904	4539
1906	4539
1906	4540
1907	4540
1907	4541
1908	4541
1908	4542
1909	4542
1909	4543
1911	4543
1911	4544
1912	4544
1912	4545
1914	4545
1914	4546
1915	4546
1915	4547
1916	4547
1916	4548
1918	4548
1918	4550
1920	4550
1920	4551
1921	4551
1921	4552
1923	4552
1923	4553
1924	4553
1924	4554
1925	4554
1925	4555
1927	4555
1927	4556
1928	4556
1928	4557
1930	4557
1930	4558
1931	4558
1931	4559
1932	4559
1932	4560
1934	4560
1934	4561
1935	4561
1935	4562
1936	4562
1936	4563
1938	4563
1938	4564
1940	4564
1940	4565
1941	4565
1941	4566
1943	4566
1943	4567
1944	4567
1944	4568
1945	4568
1945	4569
1947	4569
1947	4570
1948	4570
1948	4571
1950	4571
1950	4572
1951	4572
1951	4573
1952	4573
1952	4574
1954	4574
1954	4575
1955	4575
1955	4576
1957	4576
1957	4577
1958	4577
1958	4578
1960	4578
1960	4579
1961	4579
1961	4580
1963	4580
1963	4581
1965	4581
1965	4582
1966	4582
1966	4583
1967	4583
1967	4584
1968	4584
1968	4585
1970	4585
1970	4586
1971	4586
1971	4587
1973	4587
1973	4588
1974	4588
1974	4589
1975	4589
1975	4590
1976	4590
1976	4591
1978	4591
1978	4592
1979	4592
1979	4593
1981	4593
1981	4594
1982	4594
1982	4595
1983	4595
1983	4596
1985	4596
1985	4597
1986	4597
1986	4598
1988	4598
1988	4599
1989	4599
1989	4600
1990	4600
1990	4601
1992	4601
1992	4602
1993	4602
1993	4603
1994	4603
1994	4604
1996	4604
1996	4605
1997	4605
1997	4606
1999	4606
1999	4607
2000	4607
2000	4608
2002	4608
2002	4609
2003	4609
2003	4610
2004	4610
2004	4611
2006	4611
2006	4612
2007	4612
2007	4613
2008	4613
2008	4614
2010	4614
2010	4615
2011	4615
2011	4616
2013	4616
2013	4617
2015	4617
2015	4618
2016	4618
2016	4619
2017	4619
2017	4620
2018	4620
2018	4621
2020	4621
2020	4623
2022	4623
2022	4624
2024	4624
2024	4625
2025	4625
2025	4626
2026	4626
2026	4627
2027	4627
2027	4628
2028	4628
2028	4629
2030	4629
2030	4630
2032	4630
2032	4631
2033	4631
2033	4632
2034	4632
2034	4633
2035	4633
2035	4634
2036	4634
2036	4635
2037	4635
2037	4636
2038	4636
2038	4637
2040	4637
2040	4638
2042	4638
2042	4639
2043	4639
2043	4640
2044	4640
2044	4641
2045	4641
2045	4642
2046	4642
2046	4643
2047	4643
2047	4644
2049	4644
2049	4645
2050	4645
2050	4646
2051	4646
2051	4647
2052	4647
2052	4648
2053	4648
2053	4649
2055	4649
2055	4650
2056	4650
2056	4651
2057	4651
2057	4652
2059	4652
2059	4653
2060	4653
2060	4654
2061	4654
2061	4655
2062	4655
2062	4656
2063	4656
2063	4657
2064	4657
2064	4658
2066	4658
2066	4659
2067	4659
2067	4660
2068	4660
2068	4661
2070	4661
2070	4662
2071	4662
2071	4663
2072	4663
2072	4664
2073	4664
2073	4665
2075	4665
2075	4666
2076	4666
2076	4667
2077	4667
2077	4668
2078	4668
2078	4669
2079	4669
2079	4670
2080	4670
2080	4671
2081	4671
2081	4672
2082	4672
2082	4673
2083	4673
2083	4674
2084	4674
2084	4675
2085	4675
2085	4676
2086	4676
2086	4677
2087	4677
2087	4678
2088	4678
2088	4679
2089	4679
2089	4680
2091	4680
2091	4681
2092	4681
2092	4682
2093	4682
2093	4683
2094	4683
2094	4684
2095	4684
2095	4685
2096	4685
2096	4686
2097	4686
2097	4688
2099	4688
2099	4689
2100	4689
2100	4690
2101	4690
2101	4691
2102	4691
2102	4692
2103	4692
2103	4693
2104	4693
2104	4694
2105	4694
2105	4695
2106	4695
2106	4696
2107	4696
2107	4697
2108	4697
2108	4698
2109	4698
2109	4699
2110	4699
2110	4700
2111	4700
2111	4701
2112	4701
2112	4702
2113	4702
2113	4703
2114	4703
2114	4704
2115	4704
2115	4705
2117	4705
2117	4706
2118	4706
2118	4707
2119	4707
2119	4708
2121	4708
2121	4709
2122	4709
2122	4710
2123	4710
2123	4711
2125	4711
2125	4712
2126	4712
2126	4713
2127	4713
2127	4714
2128	4714
2128	4715
2129	4715
2129	4716
2130	4716
2130	4717
2131	4717
2131	4718
2132	4718
2132	4719
2134	4719
2134	4720
2135	4720
2135	4721
2136	4721
2136	4723
2137	4723
2137	4724
2138	4724
2138	4725
2139	4725
2139	4726
2140	4726
2140	4728
2141	4728
2141	4729
2142	4729
2142	4730
2143	4730
2143	4731
2144	4731
2144	4733
2145	4733
2145	4734
2146	4734
2146	4736
2147	4736
2147	4737
2148	4737
2148	4739
2149	4739
2149	4740
2150	4740
2150	4741
2152	4741
2152	4743
2153	4743
2153	4744
2154	4744
2154	4746
2155	4746
2155	4747
2156	4747
2156	4749
2157	4749
2157	4752
2158	4752
2158	4753
2159	4753
2159	4755
2160	4755
2160	4758
2161	4758
2161	4763
2162	4763
2162	4766
2161	4766
2161	4772
2158	4772
2158	4770
2155	4770
2155	4771
2156	4771
2156	4773
2153	4773
2153	4774
2143	4774
2143	4773
2139	4773
2139	4772
2136	4772
2136	4771
2132	4771
2132	4770
2129	4770
2129	4769
2126	4769
2126	4768
2123	4768
2123	4767
2120	4767
2120	4766
2118	4766
2118	4765
2116	4765
2116	4764
2114	4764
2114	4763
2112	4763
2112	4762
2111	4762
2111	4761
2109	4761
2109	4760
2108	4760
2108	4759
2106	4759
2106	4758
2105	4758
2105	4757
2103	4757
2103	4756
2101	4756
2101	4755
2099	4755
2099	4754
2098	4754
2098	4753
2096	4753
2096	4752
2095	4752
2095	4751
2093	4751
2093	4750
2092	4750
2092	4749
2090	4749
2090	4748
2088	4748
2088	4747
2087	4747
2087	4746
2085	4746
2085	4745
2083	4745
2083	4744
2082	4744
2082	4743
2080	4743
2080	4742
2078	4742
2078	4741
2077	4741
2077	4740
2075	4740
2075	4739
2074	4739
2074	4738
2072	4738
2072	4737
2070	4737
2070	4736
2069	4736
2069	4735
2068	4735
2068	4734
2066	4734
2066	4733
2065	4733
2065	4732
2064	4732
2064	4731
2062	4731
2062	4730
2060	4730
2060	4729
2059	4729
2059	4728
2058	4728
2058	4727
2055	4727
2055	4726
2054	4726
2054	4725
2053	4725
2053	4724
2051	4724
2051	4723
2050	4723
2050	4722
2048	4722
2048	4721
2047	4721
2047	4720
2045	4720
2045	4719
2044	4719
2044	4718
2043	4718
2043	4717
2041	4717
2041	4716
2040	4716
2040	4715
2039	4715
2039	4714
2037	4714
2037	4713
2036	4713
2036	4712
2035	4712
2035	4711
2034	4711
2034	4710
2032	4710
2032	4709
2031	4709
2031	4708
2029	4708
2029	4707
2027	4707
2027	4706
2026	4706
2026	4705
2024	4705
2024	4704
2023	4704
2023	4703
2021	4703
2021	4702
2019	4702
2019	4701
2017	4701
2017	4700
2015	4700
2015	4699
2012	4699
2012	4698
2011	4698
2011	4697
2009	4697
2009	4696
2007	4696
2007	4695
2005	4695
2005	4694
2004	4694
2004	4693
2003	4693
2003	4692
2001	4692
2001	4691
2000	4691
2000	4690
1998	4690
1998	4689
1996	4689
1996	4688
1994	4688
1994	4687
1993	4687
1993	4686
1991	4686
1991	4685
1989	4685
1989	4684
1987	4684
1987	4683
1986	4683
1986	4682
1984	4682
1984	4681
1982	4681
1982	4680
1980	4680
1980	4679
1979	4679
1979	4678
1977	4678
1977	4677
1976	4677
1976	4676
1974	4676
1974	4675
1973	4675
1973	4674
1971	4674
1971	4673
1969	4673
1969	4672
1968	4672
1968	4671
1967	4671
1967	4670
1965	4670
1965	4669
1963	4669
1963	4668
1961	4668
1961	4667
1960	4667
1960	4666
1959	4666
1959	4665
1958	4665
1958	4664
1956	4664
1956	4663
1955	4663
1955	4662
1953	4662
1953	4661
1952	4661
1952	4660
1950	4660
1950	4659
1948	4659
1948	4658
1946	4658
1946	4657
1944	4657
1944	4656
1943	4656
1943	4655
1941	4655
1941	4654
1939	4654
1939	4653
1937	4653
1937	4652
1935	4652
1935	4651
1933	4651
1933	4650
1932	4650
1932	4649
1930	4649
1930	4648
1928	4648
1928	4647
1927	4647
1927	4646
1926	4646
1926	4645
1925	4645
1925	4644
1924	4644
1924	4643
1922	4643
1922	4642
1921	4642
1921	4641
1919	4641
1919	4640
1917	4640
1917	4639
1916	4639
1916	4638
1915	4638
1915	4637
1913	4637
1913	4636
1912	4636
1912	4635
1910	4635
1910	4634
1909	4634
1909	4633
1907	4633
1907	4632
1906	4632
1906	4631
1904	4631
1904	4630
1903	4630
1903	4629
1901	4629
1901	4628
1900	4628
1900	4627
1898	4627
1898	4626
1897	4626
1897	4625
1895	4625
1895	4624
1893	4624
1893	4623
1892	4623
1892	4622
1890	4622
1890	4621
1889	4621
1889	4620
1887	4620
1887	4619
1885	4619
1885	4618
1883	4618
1883	4617
1881	4617
1881	4616
1879	4616
1879	4615
1877	4615
1877	4614
1875	4614
1875	4613
1874	4613
1874	4612
1873	4612
1873	4611
1871	4611
1871	4610
1869	4610
1869	4609
1867	4609
1867	4608
1865	4608
1865	4607
1864	4607
1864	4606
1862	4606
1862	4605
1860	4605
1860	4604
1859	4604
1859	4603
1857	4603
1857	4602
1855	4602
1855	4601
1854	4601
1854	4600
1852	4600
1852	4599
1850	4599
1850	4598
1849	4598
1849	4597
1848	4597
1848	4596
1847	4596
1847	4595
1845	4595
1845	4594
1844	4594
1844	4593
1843	4593
1843	4592
1841	4592
1841	4591
1840	4591
1840	4590
1838	4590
1838	4589
1836	4589
1836	4588
1835	4588
1835	4587
1833	4587
1833	4586
1832	4586
1832	4585
1830	4585
1830	4584
1829	4584
1829	4583
1827	4583
1827	4582
1826	4582
1826	4581
1824	4581
1824	4580
1822	4580
1822	4579
1820	4579
1820	4578
1818	4578
1818	4577
1816	4577
1816	4576
1814	4576
1814	4575
1813	4575
1813	4574
1811	4574
1811	4573
1809	4573
1809	4572
1807	4572
1807	4571
1805	4571
1805	4570
1804	4570
1804	4569
1802	4569
1802	4568
1800	4568
1800	4567
1798	4567
1798	4566
1796	4566
1796	4565
1794	4565
1794	4564
1792	4564
1792	4563
1791	4563
1791	4562
1789	4562
1789	4561
1788	4561
1788	4560
1786	4560
1786	4559
1784	4559
1784	4558
1783	4558
1783	4557
1781	4557
1781	4556
1780	4556
1780	4555
1779	4555
1779	4554
1777	4554
1777	4553
1775	4553
1775	4552
1773	4552
1773	4551
1772	4551
1772	4550
1771	4550
1771	4549
1769	4549
1769	4548
1768	4548
1768	4547
1766	4547
1766	4546
1764	4546
1764	4545
1762	4545
1762	4544
1761	4544
1761	4543
1758	4543
1758	4542
1756	4542
1756	4541
1755	4541
1755	4540
1753	4540
1753	4539
1752	4539
1752	4538
1750	4538
1750	4537
1748	4537
1748	4536
1746	4536
1746	4535
1745	4535
1745	4534
1744	4534
1744	4533
1742	4533
1742	4532
1740	4532
1740	4531
1739	4531
1739	4530
1737	4530
1737	4529
1735	4529
1735	4528
1733	4528
1733	4527
1731	4527
1731	4526
1729	4526
1729	4525
1727	4525
1727	4524
1725	4524
1725	4523
1723	4523
1723	4522
1721	4522
1721	4521
1718	4521
1718	4520
1716	4520
1716	4519
1714	4519
1714	4518
1713	4518
1713	4517
1711	4517
1711	4516
1710	4516
1710	4515
1708	4515
1708	4514
1706	4514
1706	4513
1704	4513
1704	4512
1703	4512
1703	4511
1701	4511
1701	4510
1699	4510
1699	4509
1697	4509
1697	4508
1696	4508
1696	4507
1694	4507
1694	4506
1692	4506
1692	4505
1690	4505
1690	4504
1688	4504
1688	4503
1686	4503
1686	4502
1685	4502
1685	4501
1683	4501
1683	4500
1681	4500
1681	4499
1679	4499
1679	4498
1678	4498
1678	4497
1676	4497
1676	4496
1674	4496
1674	4495
1672	4495
1672	4494
1671	4494
1671	4493
1670	4493
1670	4492
1669	4492
1669	4491
1668	4491
1668	4490
1666	4490
1666	4489
1665	4489
1665	4488
1663	4488
1663	4487
1662	4487
1662	4486
1661	4486
1661	4485
1660	4485
1660	4484
1659	4484
1659	4483
1658	4483
1658	4482
1656	4482
1656	4481
1655	4481
1655	4480
1654	4480
1654	4479
1652	4479
1652	4478
1651	4478
1651	4477
1650	4477
1650	4476
1649	4476
1649	4475
1647	4475
1647	4474
1646	4474
1646	4473
1644	4473
1644	4472
1643	4472
1643	4471
1640	4471
1640	4470
1638	4470
1638	4469
1636	4469
1636	4468
1635	4468
1635	4467
1633	4467
1633	4466
1632	4466
1632	4465
1629	4465
1629	4464
1628	4464
1628	4463
1626	4463
1626	4462
1624	4462
1624	4461
1622	4461
1622	4460
1620	4460
1620	4459
1618	4459
1618	4458
1616	4458
1616	4457
1614	4457
1614	4456
1612	4456
1612	4455
1610	4455
1610	4454
1608	4454
1608	4453
1606	4453
1606	4452
1604	4452
1604	4451
1602	4451
1602	4450
1600	4450
1600	4449
1598	4449
1598	4448
1596	4448
1596	4447
1594	4447
1594	4446
1593	4446
1593	4445
1591	4445
1591	4444
1590	4444
1590	4443
1589	4443
1589	4442
1587	4442
1587	4441
1586	4441
1586	4440
1585	4440
1585	4439
1584	4439
1584	4438
1583	4438
1583	4437
1582	4437
1582	4436
1580	4436
1580	4435
1579	4435
1579	4434
1578	4434
1578	4433
1577	4433
1577	4432
1576	4432
1576	4431
1575	4431
1575	4430
1574	4430
1574	4429
1573	4429
1573	4428
1571	4428
1571	4427
1569	4427
1569	4426
1568	4426
1568	4425
1567	4425
1567	4424
1566	4424
1566	4423
1565	4423
1565	4421
1564	4421
1564	4420
1562	4420
1562	4419
1561	4419
1561	4418
1560	4418
1560	4416
1559	4416
1559	4415
1558	4415
1558	4414
1557	4414
1557	4413
1556	4413
1556	4412
1554	4412
1554	4411
1553	4411
1553	4410
1552	4410
1552	4409
1550	4409
1550	4408
1549	4408
1549	4407
1548	4407
1548	4406
1546	4406
1546	4405
1545	4405
1545	4404
1543	4404
1543	4403
1542	4403
1542	4402
1541	4402
1541	4401
1540	4401
1540	4400
1538	4400
1538	4399
1537	4399
1537	4398
1536	4398
1536	4397
1535	4397
1535	4396
1533	4396
1533	4395
1532	4395
1532	4394
1531	4394
1531	4393
1530	4393
1530	4392
1528	4392
1528	4391
1527	4391
1527	4390
1526	4390
1526	4389
1525	4389
1525	4388
1524	4388
1524	4387
1523	4387
1523	4386
1522	4386
1522	4385
1521	4385
1521	4384
1520	4384
1520	4383
1519	4383
1519	4382
1518	4382
1518	4381
1517	4381
1517	4380
1515	4380
1515	4379
1510	4379
1510	4380
1506	4380
1506	4379
1504	4379
1504	4378
1502	4378
1502	4377
1501	4377
1501	4376
1500	4376
1500	4374
1499	4374
1499	4372
1498	4372
1498	4371
1497	4371
1497	4369
1496	4369
1496	4368
1495	4368
1495	4367
1494	4367
1494	4365
1493	4365
1493	4364
1492	4364
1492	4362
1491	4362
1491	4360
1490	4360
1490	4359
1489	4359
1489	4358
1488	4358
1488	4356
1487	4356
1487	4355
1485	4355
1485	4354
1484	4354
1484	4353
1483	4353
1483	4351
1482	4351
1482	4350
1480	4350
1480	4349
1479	4349
1479	4348
1476	4348
1476	4347
1474	4347
1474	4346
1473	4346
1473	4345
1471	4345
1471	4344
1469	4344
1469	4343
1468	4343
1468	4342
1466	4342
1466	4341
1463	4341
1463	4345
1462	4345
1462	4346
1461	4346
1461	4347
1459	4347
1459	4348
1458	4348
1458	4361
1459	4361
1459	4376
1460	4376
1460	4392
1458	4392
1458	4391
1457	4391
1457	4389
1456	4389
1456	4388
1451	4388
1451	4389
1452	4389
1452	4390
1454	4390
1454	4391
1450	4391
1450	4390
1449	4390
1449	4389
1448	4389
1448	4390
1445	4390
1445	4386
1444	4386
1444	4379
1443	4379
1443	4372
1442	4372
1442	4357
1441	4357
1441	4349
1440	4349
1440	4342
1439	4342
1439	4335
1438	4335
1438	4333
1436	4333
1436	4334
1434	4334
1434	4335
1433	4335
1433	4336
1432	4336
1432	4337
1430	4337
1430	4338
1429	4338
1429	4339
1428	4339
1428	4340
1426	4340
1426	4341
1424	4341
1424	4342
1422	4342
1422	4343
1421	4343
1421	4344
1419	4344
1419	4345
1417	4345
1417	4346
1416	4346
1416	4347
1415	4347
1415	4348
1414	4348
1414	4349
1412	4349
1412	4350
1411	4350
1411	4351
1409	4351
1409	4352
1408	4352
1408	4353
1406	4353
1406	4354
1405	4354
1405	4355
1404	4355
1404	4356
1402	4356
1402	4357
1399	4357
1399	4356
1396	4356
1396	4357
1394	4357
1394	4358
1393	4358
1393	4359
1391	4359
1391	4360
1390	4360
1390	4361
1388	4361
1388	4362
1387	4362
1387	4363
1386	4363
1386	4364
1385	4364
1385	4365
1384	4365
1384	4366
1382	4366
1382	4367
1381	4367
1381	4369
1380	4369
1380	4370
1379	4370
1379	4371
1378	4371
1378	4372
1373	4372
1373	4373
1371	4373
1371	4374
1370	4374
1370	4375
1369	4375
1369	4376
1367	4376
1367	4377
1366	4377
1366	4378
1365	4378
1365	4379
1364	4379
1364	4380
1363	4380
1363	4381
1361	4381
1361	4382
1360	4382
1360	4383
1358	4383
1358	4384
1357	4384
1357	4385
1356	4385
1356	4386
1354	4386
1354	4387
1353	4387
1353	4388
1352	4388
1352	4389
1349	4389
1349	4390
1348	4390
1348	4391
1347	4391
1347	4392
1346	4392
1346	4393
1345	4393
1345	4394
1344	4394
1344	4395
1343	4395
1343	4396
1341	4396
1341	4397
1340	4397
1340	4398
1339	4398
1339	4399
1337	4399
1337	4400
1336	4400
1336	4401
1335	4401
1335	4402
1334	4402
1334	4403
1332	4403
1332	4405
1331	4405
1331	4406
1330	4406
1330	4407
1329	4407
1329	4408
1328	4408
1328	4409
1327	4409
1327	4410
1326	4410
1326	4411
1325	4411
1325	4412
1323	4412
1323	4414
1322	4414
1322	4415
1321	4415
1321	4416
1320	4416
1320	4417
1319	4417
1319	4418
1318	4418
1318	4419
1317	4419
1317	4420
1316	4420
1316	4421
1315	4421
1315	4422
1314	4422
1314	4424
1312	4424
1312	4425
1311	4425
1311	4426
1310	4426
1310	4427
1309	4427
1309	4428
1308	4428
1308	4429
1306	4429
1306	4430
1305	4430
1305	4431
1304	4431
1304	4432
1303	4432
1303	4433
1302	4433
1302	4434
1301	4434
1301	4435
1299	4435
1299	4436
1297	4436
1297	4437
1296	4437
1296	4438
1295	4438
1295	4439
1293	4439
1293	4440
1292	4440
1292	4441
1290	4441
1290	4442
1289	4442
1289	4443
1288	4443
1288	4444
1287	4444
1287	4445
1285	4445
1285	4446
1284	4446
1284	4447
1283	4447
1283	4448
1281	4448
1281	4449
1280	4449
1280	4450
1278	4450
1278	4451
1277	4451
1277	4452
1276	4452
1276	4453
1274	4453
1274	4454
1273	4454
1273	4455
1271	4455
1271	4456
1270	4456
1270	4457
1268	4457
1268	4458
1267	4458
1267	4459
1265	4459
1265	4460
1264	4460
1264	4461
1262	4461
1262	4462
1260	4462
1260	4463
1258	4463
1258	4464
1256	4464
1256	4465
1255	4465
1255	4466
1253	4466
1253	4467
1252	4467
1252	4468
1251	4468
1251	4469
1249	4469
1249	4470
1247	4470
1247	4471
1246	4471
1246	4472
1244	4472
1244	4473
1243	4473
1243	4474
1242	4474
1242	4475
1240	4475
1240	4476
1239	4476
1239	4477
1237	4477
1237	4478
1236	4478
1236	4479
1234	4479
1234	4480
1233	4480
1233	4481
1231	4481
1231	4482
1229	4482
1229	4483
1228	4483
1228	4484
1227	4484
1227	4485
1225	4485
1225	4486
1224	4486
1224	4487
1223	4487
1223	4488
1222	4488
1222	4489
1221	4489
1221	4490
1219	4490
1219	4491
1218	4491
1218	4492
1217	4492
1217	4493
1216	4493
1216	4494
1215	4494
1215	4495
1213	4495
1213	4496
1212	4496
1212	4497
1211	4497
1211	4498
1210	4498
1210	4499
1208	4499
1208	4500
1207	4500
1207	4501
1206	4501
1206	4502
1205	4502
1205	4503
1203	4503
1203	4504
1202	4504
1202	4505
1201	4505
1201	4506
1199	4506
1199	4507
1198	4507
1198	4508
1196	4508
1196	4509
1195	4509
1195	4510
1193	4510
1193	4511
1192	4511
1192	4512
1191	4512
1191	4513
1190	4513
1190	4514
1189	4514
1189	4515
1188	4515
1188	4516
1186	4516
1186	4517
1185	4517
1185	4518
1184	4518
1184	4519
1183	4519
1183	4520
1182	4520
1182	4521
1180	4521
1180	4522
1179	4522
1179	4523
1178	4523
1178	4524
1176	4524
1176	4525
1175	4525
1175	4526
1174	4526
1174	4527
1173	4527
1173	4528
1172	4528
1172	4529
1170	4529
1170	4530
1169	4530
1169	4531
1168	4531
1168	4532
1167	4532
1167	4533
1166	4533
1166	4534
1165	4534
1165	4535
1164	4535
1164	4536
1162	4536
1162	4537
1161	4537
1161	4538
1159	4538
1159	4539
1158	4539
1158	4540
1156	4540
1156	4541
1155	4541
1155	4542
1153	4542
1153	4543
1152	4543
1152	4544
1151	4544
1151	4545
1150	4545
1150	4546
1149	4546
1149	4547
1147	4547
1147	4548
1145	4548
1145	4549
1144	4549
1144	4550
1143	4550
1143	4551
1141	4551
1141	4552
1140	4552
1140	4553
1139	4553
1139	4554
1138	4554
1138	4555
1137	4555
1137	4556
1136	4556
1136	4557
1134	4557
1134	4558
1133	4558
1133	4559
1132	4559
1132	4560
1131	4560
1131	4561
1129	4561
1129	4562
1128	4562
1128	4563
1126	4563
1126	4564
1125	4564
1125	4565
1124	4565
1124	4566
1123	4566
1123	4567
1121	4567
1121	4568
1119	4568
1119	4569
1117	4569
1117	4570
1116	4570
1116	4571
1114	4571
1114	4572
1113	4572
1113	4573
1111	4573
1111	4574
1110	4574
1110	4575
1108	4575
1108	4576
1107	4576
1107	4577
1105	4577
1105	4578
1104	4578
1104	4579
1103	4579
1103	4580
1102	4580
1102	4581
1100	4581
1100	4582
1099	4582
1099	4583
1098	4583
1098	4584
1097	4584
1097	4585
1096	4585
1096	4586
1095	4586
1095	4587
1094	4587
1094	4588
1093	4588
1093	4589
1092	4589
1092	4590
1091	4590
1091	4591
1090	4591
1090	4592
1089	4592
1089	4593
1088	4593
1088	4594
1087	4594
1087	4596
1086	4596
1086	4597
1084	4597
1084	4598
1083	4598
1083	4599
1082	4599
1082	4601
1081	4601
1081	4602
1080	4602
1080	4603
1079	4603
1079	4604
1078	4604
1078	4605
1077	4605
1077	4606
1076	4606
1076	4608
1075	4608
1075	4609
1074	4609
1074	4611
1073	4611
1073	4612
1072	4612
1072	4613
1071	4613
1071	4614
1070	4614
1070	4616
1069	4616
1069	4617
1068	4617
1068	4618
1067	4618
1067	4619
1066	4619
1066	4621
1065	4621
1065	4622
1064	4622
1064	4624
1063	4624
1063	4625
1062	4625
1062	4626
1061	4626
1061	4628
1060	4628
1060	4629
1059	4629
1059	4630
1058	4630
1058	4631
1057	4631
1057	4632
1056	4632
1056	4633
1055	4633
1055	4634
1054	4634
1054	4635
1053	4635
1053	4636
1052	4636
1052	4637
1051	4637
1051	4638
1050	4638
1050	4640
1049	4640
1049	4641
1048	4641
1048	4642
1047	4642
1047	4643
1046	4643
1046	4644
1045	4644
1045	4645
1044	4645
1044	4646
1043	4646
1043	4647
1042	4647
1042	4648
1041	4648
1041	4649
1040	4649
1040	4651
1039	4651
1039	4652
1038	4652
1038	4654
1037	4654
1037	4655
1036	4655
1036	4656
1035	4656
1035	4657
1034	4657
1034	4658
1033	4658
1033	4659
1032	4659
1032	4660
1031	4660
1031	4662
1030	4662
1030	4663
1029	4663
1029	4664
1028	4664
1028	4665
1027	4665
1027	4666
1026	4666
1026	4667
1025	4667
1025	4668
1024	4668
1024	4669
1022	4669
1022	4670
1021	4670
1021	4671
1020	4671
1020	4673
1018	4673
1018	4674
1017	4674
1017	4676
1016	4676
1016	4677
1015	4677
1015	4678
1014	4678
1014	4679
1013	4679
1013	4680
1011	4680
1011	4681
1010	4681
1010	4682
1009	4682
1009	4683
1007	4683
1007	4684
1006	4684
1006	4685
1005	4685
1005	4686
1004	4686
1004	4687
1003	4687
1003	4688
1001	4688
1001	4689
1000	4689
1000	4690
999	4690
999	4691
998	4691
998	4692
997	4692
997	4693
996	4693
996	4694
995	4694
995	4695
994	4695
994	4696
993	4696
993	4697
992	4697
992	4698
991	4698
991	4699
990	4699
990	4700
989	4700
989	4702
988	4702
988	4703
987	4703
987	4704
986	4704
986	4705
985	4705
985	4706
984	4706
984	4708
983	4708
983	4709
982	4709
982	4710
981	4710
981	4711
980	4711
980	4713
979	4713
979	4714
978	4714
978	4715
977	4715
977	4716
976	4716
976	4717
975	4717
975	4718
974	4718
974	4719
973	4719
973	4721
971	4721
971	4722
970	4722
970	4723
969	4723
969	4724
968	4724
968	4725
967	4725
967	4726
965	4726
965	4727
964	4727
964	4728
963	4728
963	4729
962	4729
962	4730
960	4730
960	4731
959	4731
959	4732
957	4732
957	4733
955	4733
955	4734
953	4734
953	4735
950	4735
950	4736
948	4736
948	4737
944	4737
944	4738
939	4738
939	4739
937	4739
937	4740
936	4740
936	4734
935	4734
935	4717
936	4717
936	4712
937	4712
937	4709
938	4709
938	4705
939	4705
939	4702
940	4702
940	4699
941	4699
941	4698
942	4698
942	4695
943	4695
943	4693
944	4693
944	4691
945	4691
945	4688
946	4688
946	4687
947	4687
947	4685
948	4685
948	4683
949	4683
949	4682
950	4682
950	4681
951	4681
951	4680
952	4680
952	4679
953	4679
953	4677
954	4677
954	4676
955	4676
955	4674
956	4674
956	4672
957	4672
957	4670
958	4670
958	4668
959	4668
959	4667
960	4667
960	4665
961	4665
961	4664
962	4664
962	4661
963	4661
963	4660
964	4660
964	4658
965	4658
965	4657
966	4657
966	4655
967	4655
967	4654
968	4654
968	4653
969	4653
969	4651
970	4651
970	4649
971	4649
971	4648
972	4648
972	4646
973	4646
973	4644
974	4644
974	4643
975	4643
975	4641
976	4641
976	4640
977	4640
977	4639
978	4639
978	4638
979	4638
979	4636
980	4636
980	4635
981	4635
981	4633
982	4633
982	4632
983	4632
983	4630
984	4630
984	4629
985	4629
985	4628
986	4628
986	4627
987	4627
987	4625
988	4625
988	4623
989	4623
989	4622
990	4622
990	4620
991	4620
991	4618
992	4618
992	4617
993	4617
993	4616
994	4616
994	4615
995	4615
995	4613
996	4613
996	4612
997	4612
997	4611
998	4611
998	4609
999	4609
999	4608
1000	4608
1000	4606
1001	4606
1001	4605
1002	4605
1002	4604
1003	4604
1003	4603
1004	4603
1004	4602
1005	4602
1005	4600
1006	4600
1006	4599
1007	4599
1007	4598
1008	4598
1008	4597
1009	4597
1009	4595
1011	4595
1011	4594
1012	4594
1012	4593
1013	4593
1013	4591
1015	4591
1015	4589
1016	4589
1016	4588
1017	4588
1017	4587
1018	4587
1018	4585
1019	4585
1019	4583
1020	4583
1020	4582
1021	4582
1021	4581
1022	4581
1022	4579
1023	4579
1023	4578
1024	4578
1024	4576
1025	4576
1025	4575
1026	4575
1026	4574
1027	4574
1027	4573
1028	4573
1028	4572
1029	4572
1029	4571
1030	4571
1030	4570
1031	4570
1031	4568
1032	4568
1032	4567
1033	4567
1033	4566
1034	4566
1034	4564
1035	4564
1035	4563
1036	4563
1036	4562
1037	4562
1037	4561
1038	4561
1038	4559
1039	4559
1039	4558
1040	4558
1040	4557
1041	4557
1041	4556
1042	4556
1042	4554
1043	4554
1043	4553
1044	4553
1044	4552
1045	4552
1045	4551
1046	4551
1046	4550
1047	4550
1047	4549
1048	4549
1048	4548
1049	4548
1049	4546
1050	4546
1050	4545
1051	4545
1051	4544
1052	4544
1052	4543
1053	4543
1053	4542
1054	4542
1054	4540
1055	4540
1055	4539
1056	4539
1056	4537
1057	4537
1057	4536
1058	4536
1058	4535
1059	4535
1059	4534
1060	4534
1060	4533
1061	4533
1061	4532
1062	4532
1062	4531
1063	4531
1063	4530
1064	4530
1064	4529
1065	4529
1065	4527
1066	4527
1066	4526
1067	4526
1067	4525
1068	4525
1068	4524
1069	4524
1069	4523
1070	4523
1070	4522
1071	4522
1071	4521
1072	4521
1072	4520
1073	4520
1073	4519
1074	4519
1074	4518
1075	4518
1075	4517
1076	4517
1076	4516
1077	4516
1077	4515
1078	4515
1078	4514
1079	4514
1079	4513
1080	4513
1080	4512
1081	4512
1081	4511
1082	4511
1082	4510
1083	4510
1083	4509
1084	4509
1084	4508
1085	4508
1085	4507
1086	4507
1086	4506
1087	4506
1087	4505
1089	4505
1089	4504
1090	4504
1090	4503
1091	4503
1091	4502
1092	4502
1092	4501
1093	4501
1093	4500
1094	4500
1094	4499
1095	4499
1095	4498
1096	4498
1096	4497
1097	4497
1097	4496
1098	4496
1098	4495
1099	4495
1099	4494
1100	4494
1100	4493
1101	4493
1101	4492
1102	4492
1102	4491
1103	4491
1103	4490
1104	4490
1104	4489
1106	4489
1106	4488
1107	4488
1107	4486
1108	4486
1108	4485
1109	4485
1109	4484
1110	4484
1110	4483
1111	4483
1111	4482
1113	4482
1113	4481
1114	4481
1114	4480
1115	4480
1115	4479
1116	4479
1116	4478
1117	4478
1117	4477
1118	4477
1118	4476
1119	4476
1119	4475
1121	4475
1121	4474
1122	4474
1122	4473
1123	4473
1123	4472
1124	4472
1124	4471
1125	4471
1125	4470
1126	4470
1126	4469
1127	4469
1127	4468
1128	4468
1128	4467
1130	4467
1130	4466
1131	4466
1131	4465
1132	4465
1132	4464
1133	4464
1133	4463
1134	4463
1134	4462
1135	4462
1135	4461
1136	4461
1136	4460
1137	4460
1137	4459
1139	4459
1139	4458
1140	4458
1140	4457
1141	4457
1141	4456
1142	4456
1142	4455
1143	4455
1143	4454
1144	4454
1144	4453
1145	4453
1145	4452
1146	4452
1146	4451
1147	4451
1147	4450
1148	4450
1148	4449
1149	4449
1149	4448
1150	4448
1150	4447
1151	4447
1151	4446
1152	4446
1152	4445
1153	4445
1153	4444
1155	4444
1155	4443
1157	4443
1157	4442
1158	4442
1158	4441
1159	4441
1159	4440
1160	4440
1160	4439
1161	4439
1161	4438
1163	4438
1163	4437
1165	4437
1165	4436
1166	4436
1166	4435
1167	4435
1167	4434
1168	4434
1168	4433
1170	4433
1170	4432
1171	4432
1171	4431
1172	4431
1172	4430
1174	4430
1174	4429
1175	4429
1175	4428
1176	4428
1176	4427
1177	4427
1177	4426
1178	4426
1178	4425
1179	4425
1179	4424
1180	4424
1180	4423
1181	4423
1181	4422
1183	4422
1183	4421
1184	4421
1184	4420
1185	4420
1185	4419
1186	4419
1186	4418
1187	4418
1187	4417
1189	4417
1189	4416
1190	4416
1190	4415
1192	4415
1192	4414
1193	4414
1193	4413
1194	4413
1194	4412
1195	4412
1195	4411
1197	4411
1197	4410
1198	4410
1198	4409
1200	4409
1200	4408
1201	4408
1201	4407
1202	4407
1202	4406
1203	4406
1203	4405
1205	4405
1205	4404
1206	4404
1206	4403
1208	4403
1208	4402
1209	4402
1209	4401
1210	4401
1210	4400
1211	4400
1211	4399
1213	4399
1213	4398
1214	4398
1214	4397
1216	4397
1216	4396
1217	4396
1217	4395
1218	4395
1218	4394
1220	4394
1220	4393
1221	4393
1221	4392
1222	4392
1222	4391
1224	4391
1224	4390
1226	4390
1226	4389
1227	4389
1227	4388
1229	4388
1229	4387
1230	4387
1230	4386
1231	4386
1231	4385
1233	4385
1233	4384
1235	4384
1235	4383
1236	4383
1236	4382
1237	4382
1237	4381
1238	4381
1238	4380
1239	4380
1239	4379
1241	4379
1241	4378
1242	4378
1242	4377
1244	4377
1244	4376
1245	4376
1245	4375
1247	4375
1247	4374
1248	4374
1248	4373
1250	4373
1250	4372
1251	4372
1251	4371
1253	4371
1253	4370
1255	4370
1255	4369
1256	4369
1256	4368
1258	4368
1258	4367
1259	4367
1259	4366
1260	4366
1260	4365
1262	4365
1262	4364
1263	4364
1263	4363
1265	4363
1265	4362
1267	4362
1267	4361
1268	4361
1268	4360
1270	4360
1270	4359
1271	4359
1271	4358
1272	4358
1272	4357
1274	4357
1274	4356
1276	4356
1276	4355
1278	4355
1278	4354
1279	4354
1279	4353
1281	4353
1281	4352
1282	4352
1282	4351
1285	4351
1285	4350
1286	4350
1286	4349
1288	4349
1288	4348
1290	4348
1290	4347
1292	4347
1292	4346
1294	4346
1294	4345
1296	4345
1296	4344
1299	4344
1299	4343
1302	4343
1302	4342
1304	4342
1304	4341
1306	4341
1306	4340
1309	4340
1309	4339
1312	4339
1312	4338
1313	4338
1313	4337
1315	4337
1315	4336
1318	4336
1318	4335
1320	4335
1320	4334
1323	4334
1323	4333
1326	4333
1326	4332
1328	4332
1328	4331
1331	4331
1331	4330
1333	4330
1333	4329
1336	4329
1336	4328
1338	4328
1338	4327
1340	4327
1340	4326
1342	4326
1342	4325
1345	4325
1345	4324
1348	4324
1348	4322
1349	4322
1349	4320
1353	4320
1353	4319
1355	4319
1355	4318
1357	4318
1357	4317
1360	4317
1360	4316
1362	4316
1362	4315
1364	4315
1364	4314
1365	4314
1365	4313
1366	4313
1366	4312
1367	4312
1367	4315
1371	4315
1371	4314
1372	4314
1372	4312
1371	4312
1371	4309
1372	4309
1372	4304
1371	4304
1371	4303
1370	4303
1370	4302
1368	4302
1368	4301
1367	4301
1367	4300
1366	4300
1366	4298
1367	4298
1367	4296
1366	4296
1366	4297
1365	4297
1365	4296
1363	4296
1363	4295
1362	4295
1362	4294
1360	4294
1360	4293
1358	4293
1358	4292
1356	4292
1356	4291
1354	4291
1354	4290
1350	4290
1350	4289
1349	4289
1349	4290
1348	4290
1348	4289
1347	4289
1347	4288
1346	4288
1346	4287
1343	4287
1343	4286
1341	4286
1341	4285
1339	4285
1339	4284
1337	4284
1337	4283
1334	4283
1334	4282
1332	4282
1332	4281
1330	4281
1330	4280
1328	4280
1328	4278
1329	4278
1329	4277
1328	4277
1328	4276
1326	4276
1326	4275
1324	4275
1324	4274
1322	4274
1322	4272
1320	4272
1320	4271
1318	4271
1318	4270
1315	4270
1315	4269
1313	4269
1313	4267
1311	4267
1311	4266
1307	4266
1307	4264
1305	4264
1305	4263
1301	4263
1301	4262
1299	4262
1299	4261
1297	4261
1297	4260
1294	4260
1294	4259
1293	4259
1293	4258
1292	4258
1292	4257
1288	4257
1288	4256
1285	4256
1285	4255
1282	4255
1282	4254
1281	4254
1281	4253
1280	4253
1280	4252
1279	4252
1279	4251
1277	4251
1277	4250
1276	4250
1276	4249
1275	4249
1275	4248
1273	4248
1273	4247
1272	4247
1272	4246
1271	4246
1271	4245
1269	4245
1269	4244
1268	4244
1268	4243
1265	4243
1265	4242
1264	4242
1264	4241
1262	4241
1262	4240
1260	4240
1260	4239
1259	4239
1259	4238
1258	4238
1258	4237
1256	4237
1256	4236
1254	4236
1254	4235
1253	4235
1253	4234
1252	4234
1252	4233
1250	4233
1250	4232
1249	4232
1249	4231
1247	4231
1247	4230
1245	4230
1245	4229
1244	4229
1244	4228
1242	4228
1242	4227
1240	4227
1240	4226
1238	4226
1238	4225
1237	4225
1237	4224
1236	4224
1236	4223
1234	4223
1234	4222
1233	4222
1233	4221
1231	4221
1231	4220
1229	4220
1229	4219
1228	4219
1228	4218
1226	4218
1226	4217
1223	4217
1223	4216
1222	4216
1222	4215
1220	4215
1220	4214
1219	4214
1219	4213
1218	4213
1218	4212
1217	4212
1217	4211
1214	4211
1214	4210
1213	4210
1213	4209
1212	4209
1212	4208
1210	4208
1210	4207
1209	4207
1209	4206
1207	4206
1207	4205
1205	4205
1205	4204
1203	4204
1203	4203
1202	4203
1202	4202
1200	4202
1200	4201
1199	4201
1199	4200
1197	4200
1197	4199
1195	4199
1195	4198
1194	4198
1194	4197
1193	4197
1193	4196
1192	4196
1192	4195
1190	4195
1190	4194
1188	4194
1188	4193
1187	4193
1187	4192
1186	4192
1186	4189
1184	4189
1184	4188
1183	4188
1183	4187
1182	4187
1182	4185
1180	4185
1180	4184
1178	4184
1178	4182
1177	4182
1177	4181
1176	4181
1176	4180
1174	4180
1174	4179
1173	4179
1173	4178
1172	4178
1172	4177
1171	4177
1171	4176
1169	4176
1169	4175
1167	4175
1167	4174
1166	4174
1166	4173
1165	4173
1165	4172
1163	4172
1163	4171
1161	4171
1161	4170
1160	4170
1160	4169
1158	4169
1158	4168
1157	4168
1157	4167
1155	4167
1155	4166
1154	4166
1154	4165
1152	4165
1152	4164
1151	4164
1151	4163
1150	4163
1150	4162
1148	4162
1148	4161
1146	4161
1146	4160
1145	4160
1145	4159
1144	4159
1144	4158
1143	4158
1143	4157
1141	4157
1141	4156
1140	4156
1140	4155
1139	4155
1139	4154
1138	4154
1138	4153
1137	4153
1137	4152
1135	4152
1135	4151
1134	4151
1134	4150
1132	4150
1132	4149
1131	4149
1131	4148
1130	4148
1130	4147
1128	4147
1128	4146
1127	4146
1127	4145
1126	4145
1126	4144
1125	4144
1125	4143
1123	4143
1123	4142
1122	4142
1122	4141
1120	4141
1120	4140
1119	4140
1119	4139
1118	4139
1118	4138
1117	4138
1117	4137
1116	4137
1116	4136
1115	4136
1115	4135
1113	4135
1113	4134
1112	4134
1112	4133
1111	4133
1111	4132
1110	4132
1110	4131
1109	4131
1109	4130
1108	4130
1108	4129
1107	4129
1107	4128
1106	4128
1106	4127
1105	4127
1105	4126
1104	4126
1104	4125
1103	4125
1103	4124
1102	4124
1102	4123
1101	4123
1101	4122
1100	4122
1100	4121
1099	4121
1099	4120
1098	4120
1098	4119
1097	4119
1097	4118
1096	4118
1096	4117
1094	4117
1094	4116
1093	4116
1093	4115
1092	4115
1092	4114
1090	4114
1090	4113
1089	4113
1089	4112
1088	4112
1088	4111
1086	4111
1086	4110
1085	4110
1085	4109
1084	4109
1084	4108
1083	4108
1083	4107
1082	4107
1082	4106
1081	4106
1081	4105
1080	4105
1080	4104
1079	4104
1079	4103
1077	4103
1077	4102
1076	4102
1076	4101
1075	4101
1075	4100
1074	4100
1074	4099
1073	4099
1073	4098
1072	4098
1072	4097
1070	4097
1070	4096
1069	4096
1069	4095
1068	4095
1068	4094
1067	4094
1067	4093
1066	4093
1066	4092
1065	4092
1065	4091
1064	4091
1064	4090
1063	4090
1063	4089
1062	4089
1062	4088
1061	4088
1061	4087
1060	4087
1060	4086
1059	4086
1059	4085
1058	4085
1058	4084
1057	4084
1057	4083
1056	4083
1056	4082
1055	4082
1055	4081
1054	4081
1054	4080
1053	4080
1053	4079
1052	4079
1052	4078
1051	4078
1051	4077
1050	4077
1050	4076
1049	4076
1049	4075
1048	4075
1048	4074
1047	4074
1047	4073
1046	4073
1046	4072
1044	4072
1044	4071
1042	4071
1042	4070
1041	4070
1041	4069
1040	4069
1040	4068
1038	4068
1038	4067
1037	4067
1037	4066
1035	4066
1035	4065
1034	4065
1034	4064
1033	4064
1033	4063
1032	4063
1032	4062
1031	4062
1031	4061
1030	4061
1030	4060
1029	4060
1029	4059
1027	4059
1027	4058
1026	4058
1026	4057
1025	4057
1025	4056
1024	4056
1024	4054
1023	4054
1023	4053
1022	4053
1022	4052
1021	4052
1021	4051
1020	4051
1020	4050
1019	4050
1019	4049
1018	4049
1018	4048
1017	4048
1017	4047
1016	4047
1016	4046
1015	4046
1015	4045
1014	4045
1014	4044
1013	4044
1013	4043
1012	4043
1012	4042
1011	4042
1011	4041
1010	4041
1010	4040
1009	4040
1009	4039
1008	4039
1008	4038
1007	4038
1007	4037
1006	4037
1006	4036
1005	4036
1005	4035
1004	4035
1004	4034
1003	4034
1003	4033
1001	4033
1001	4031
1000	4031
1000	4030
999	4030
999	4029
998	4029
998	4028
997	4028
997	4027
996	4027
996	4026
995	4026
995	4025
994	4025
994	4024
993	4024
993	4023
992	4023
992	4022
991	4022
991	4021
990	4021
990	4020
989	4020
989	4019
988	4019
988	4018
987	4018
987	4017
986	4017
986	4016
985	4016
985	4015
984	4015
984	4014
983	4014
983	4013
982	4013
982	4012
981	4012
981	4011
980	4011
980	4010
979	4010
979	4009
978	4009
978	4008
977	4008
977	4007
976	4007
976	4006
975	4006
975	4005
974	4005
974	4004
973	4004
973	4003
972	4003
972	4002
971	4002
971	4001
970	4001
970	4000
969	4000
969	3999
967	3999
967	3998
966	3998
966	3997
965	3997
965	3995
963	3995
963	3993
962	3993
962	3992
961	3992
961	3991
960	3991
960	3990
959	3990
959	3989
958	3989
958	3988
957	3988
957	3987
956	3987
956	3985
955	3985
955	3984
954	3984
954	3983
953	3983
953	3982
952	3982
952	3981
950	3981
950	3980
949	3980
949	3979
948	3979
948	3978
947	3978
947	3977
946	3977
946	3976
945	3976
945	3975
944	3975
944	3974
943	3974
943	3973
942	3973
942	3972
941	3972
941	3971
940	3971
940	3970
939	3970
939	3968
938	3968
938	3967
937	3967
937	3966
936	3966
936	3965
935	3965
935	3964
934	3964
934	3963
933	3963
933	3962
932	3962
932	3961
931	3961
931	3960
930	3960
930	3958
929	3958
929	3957
928	3957
928	3956
927	3956
927	3955
926	3955
926	3954
925	3954
925	3953
924	3953
924	3952
923	3952
923	3951
922	3951
922	3950
921	3950
921	3949
920	3949
920	3948
919	3948
919	3946
918	3946
918	3945
917	3945
917	3944
916	3944
916	3943
915	3943
915	3942
914	3942
914	3941
913	3941
913	3939
912	3939
912	3938
911	3938
911	3936
910	3936
910	3935
909	3935
909	3934
908	3934
908	3933
907	3933
907	3932
906	3932
906	3930
905	3930
905	3929
904	3929
904	3928
903	3928
903	3927
902	3927
902	3926
901	3926
901	3925
900	3925
900	3924
899	3924
899	3923
897	3923
897	3922
896	3922
896	3921
895	3921
895	3920
894	3920
894	3919
893	3919
893	3918
892	3918
892	3917
891	3917
891	3916
890	3916
890	3915
889	3915
889	3914
888	3914
888	3913
887	3913
887	3912
886	3912
886	3911
885	3911
885	3909
884	3909
884	3908
883	3908
883	3907
882	3907
882	3906
881	3906
881	3905
880	3905
880	3904
879	3904
879	3903
878	3903
878	3902
877	3902
877	3901
876	3901
876	3900
875	3900
875	3899
874	3899
874	3898
873	3898
873	3897
872	3897
872	3896
871	3896
871	3895
870	3895
870	3893
869	3893
869	3892
868	3892
868	3891
867	3891
867	3890
865	3890
865	3889
864	3889
864	3888
863	3888
863	3886
862	3886
862	3885
861	3885
861	3884
860	3884
860	3883
859	3883
859	3882
858	3882
858	3881
856	3881
856	3880
855	3880
855	3879
854	3879
854	3878
852	3878
852	3877
851	3877
851	3876
850	3876
850	3875
849	3875
849	3874
848	3874
848	3873
847	3873
847	3872
846	3872
846	3871
845	3871
845	3870
844	3870
844	3869
843	3869
843	3868
842	3868
842	3867
841	3867
841	3866
840	3866
840	3865
839	3865
839	3863
838	3863
838	3862
837	3862
837	3860
836	3860
836	3859
835	3859
835	3857
834	3857
834	3856
833	3856
833	3854
832	3854
832	3853
831	3853
831	3852
830	3852
830	3850
829	3850
829	3848
828	3848
828	3847
827	3847
827	3845
826	3845
826	3844
825	3844
825	3843
824	3843
824	3841
823	3841
823	3840
822	3840
822	3839
821	3839
821	3837
820	3837
820	3835
819	3835
819	3834
818	3834
818	3832
817	3832
817	3830
816	3830
816	3829
815	3829
815	3828
814	3828
814	3827
813	3827
813	3825
812	3825
812	3823
811	3823
811	3822
810	3822
810	3820
809	3820
809	3818
808	3818
808	3817
807	3817
807	3815
806	3815
806	3814
805	3814
805	3812
804	3812
804	3811
803	3811
803	3809
802	3809
802	3808
801	3808
801	3806
800	3806
800	3805
799	3805
799	3803
798	3803
798	3802
797	3802
797	3800
796	3800
796	3799
795	3799
795	3798
794	3798
794	3797
793	3797
793	3796
792	3796
792	3794
791	3794
791	3793
790	3793
790	3792
789	3792
789	3791
788	3791
788	3789
787	3789
787	3788
786	3788
786	3786
785	3786
785	3785
784	3785
784	3784
783	3784
783	3782
782	3782
782	3781
781	3781
781	3780
780	3780
780	3779
779	3779
779	3778
778	3778
778	3777
777	3777
777	3775
776	3775
776	3774
775	3774
775	3773
774	3773
774	3772
773	3772
773	3770
772	3770
772	3769
771	3769
771	3767
770	3767
770	3766
769	3766
769	3765
768	3765
768	3763
767	3763
767	3762
766	3762
766	3761
765	3761
765	3760
764	3760
764	3759
763	3759
763	3757
762	3757
762	3756
761	3756
761	3755
760	3755
760	3754
759	3754
759	3752
758	3752
758	3751
757	3751
757	3749
756	3749
756	3748
755	3748
755	3747
754	3747
754	3745
753	3745
753	3744
752	3744
752	3743
751	3743
751	3741
750	3741
750	3740
749	3740
749	3738
748	3738
748	3737
747	3737
747	3735
746	3735
746	3733
745	3733
745	3732
744	3732
744	3730
743	3730
743	3729
742	3729
742	3727
741	3727
741	3726
740	3726
740	3724
739	3724
739	3723
738	3723
738	3721
737	3721
737	3720
736	3720
736	3719
735	3719
735	3717
734	3717
734	3716
733	3716
733	3715
732	3715
732	3714
731	3714
731	3713
730	3713
730	3711
729	3711
729	3710
728	3710
728	3709
727	3709
727	3707
726	3707
726	3706
725	3706
725	3705
724	3705
724	3703
723	3703
723	3702
722	3702
722	3701
721	3701
721	3700
720	3700
720	3698
719	3698
719	3697
718	3697
718	3695
717	3695
717	3694
716	3694
716	3692
715	3692
715	3690
714	3690
714	3689
713	3689
713	3688
712	3688
712	3687
711	3687
711	3685
710	3685
710	3684
709	3684
709	3683
708	3683
708	3681
707	3681
707	3680
706	3680
706	3678
705	3678
705	3676
704	3676
704	3675
703	3675
703	3673
702	3673
702	3672
701	3672
701	3670
700	3670
700	3669
699	3669
699	3668
698	3668
698	3667
697	3667
697	3665
696	3665
696	3664
695	3664
695	3663
694	3663
694	3661
693	3661
693	3660
692	3660
692	3659
691	3659
691	3658
690	3658
690	3657
689	3657
689	3655
688	3655
688	3654
687	3654
687	3652
686	3652
686	3651
685	3651
685	3649
684	3649
684	3648
683	3648
683	3646
682	3646
682	3645
681	3645
681	3643
680	3643
680	3641
679	3641
679	3640
678	3640
678	3638
677	3638
677	3636
676	3636
676	3634
675	3634
675	3632
674	3632
674	3630
673	3630
673	3628
672	3628
672	3625
671	3625
671	3623
670	3623
670	3622
669	3622
669	3620
668	3620
668	3618
667	3618
667	3616
666	3616
666	3615
665	3615
665	3612
664	3612
664	3610
663	3610
663	3608
662	3608
662	3606
661	3606
661	3603
660	3603
660	3602
659	3602
659	3600
658	3600
658	3598
657	3598
657	3596
656	3596
656	3595
655	3595
655	3592
654	3592
654	3591
653	3591
653	3588
652	3588
652	3586
651	3586
651	3583
650	3583
650	3581
649	3581
649	3579
648	3579
648	3577
647	3577
647	3575
646	3575
646	3573
645	3573
645	3571
644	3571
644	3568
643	3568
643	3566
642	3566
642	3562
641	3562
641	3559
640	3559
640	3557
639	3557
639	3554
638	3554
638	3550
637	3550
637	3547
636	3547
636	3543
635	3543
635	3539
634	3539
634	3535
633	3535
633	3532
632	3532
632	3526
631	3526
631	3522
630	3522
630	3517
629	3517
629	3508
630	3508
630	3505
631	3505
631	3502
632	3502
632	3500
633	3500
633	3498
634	3498
634	3497
635	3497
635	3496
636	3496
636	3495
639	3495
639	3494
638	3494
638	3491
642	3491
642	3490
647	3490
647	3489
652	3489
652	3490
656	3490
656	3491
659	3491
659	3492
660	3492
660	3493
662	3493
662	3494
663	3494
663	3495
665	3495
665	3496
666	3496
666	3497
668	3497
668	3499
670	3499
670	3500
671	3500
671	3501
672	3501
672	3502
673	3502
673	3503
674	3503
674	3504
675	3504
675	3505
676	3505
676	3506
677	3506
677	3507
678	3507
678	3508
679	3508
679	3509
680	3509
680	3510
681	3510
681	3511
682	3511
682	3512
683	3512
683	3513
685	3513
685	3515
687	3515
687	3516
688	3516
688	3518
689	3518
689	3519
690	3519
690	3520
691	3520
691	3521
692	3521
692	3522
693	3522
693	3523
694	3523
694	3524
695	3524
695	3525
696	3525
696	3526
697	3526
697	3527
698	3527
698	3528
699	3528
699	3529
700	3529
700	3530
701	3530
701	3531
702	3531
702	3532
703	3532
703	3534
704	3534
704	3535
705	3535
705	3536
706	3536
706	3538
707	3538
707	3539
708	3539
708	3541
709	3541
709	3542
710	3542
710	3543
711	3543
711	3545
712	3545
712	3546
713	3546
713	3548
714	3548
714	3549
715	3549
715	3551
716	3551
716	3552
717	3552
717	3554
718	3554
718	3555
719	3555
719	3557
720	3557
720	3559
721	3559
721	3560
722	3560
722	3562
723	3562
723	3564
724	3564
724	3567
725	3567
725	3569
726	3569
726	3571
727	3571
727	3573
728	3573
728	3575
729	3575
729	3576
730	3576
730	3578
731	3578
731	3580
732	3580
732	3581
733	3581
733	3582
734	3582
734	3584
735	3584
735	3586
736	3586
736	3588
737	3588
737	3589
738	3589
738	3591
739	3591
739	3593
740	3593
740	3594
741	3594
741	3596
742	3596
742	3598
743	3598
743	3600
744	3600
744	3602
745	3602
745	3603
746	3603
746	3605
747	3605
747	3607
748	3607
748	3609
749	3609
749	3610
750	3610
750	3611
751	3611
751	3613
752	3613
752	3614
753	3614
753	3615
754	3615
754	3617
755	3617
755	3619
756	3619
756	3620
757	3620
757	3622
758	3622
758	3624
759	3624
759	3626
760	3626
760	3627
761	3627
761	3629
762	3629
762	3630
763	3630
763	3632
764	3632
764	3634
765	3634
765	3636
766	3636
766	3637
767	3637
767	3639
768	3639
768	3641
769	3641
769	3643
770	3643
770	3644
771	3644
771	3645
772	3645
772	3647
773	3647
773	3648
774	3648
774	3650
775	3650
775	3651
776	3651
776	3653
777	3653
777	3654
778	3654
778	3656
779	3656
779	3658
780	3658
780	3659
781	3659
781	3660
782	3660
782	3661
783	3661
783	3662
784	3662
784	3664
785	3664
785	3665
786	3665
786	3666
787	3666
787	3668
788	3668
788	3669
789	3669
789	3671
790	3671
790	3672
791	3672
791	3674
792	3674
792	3675
793	3675
793	3676
794	3676
794	3678
795	3678
795	3679
796	3679
796	3681
797	3681
797	3682
798	3682
798	3683
799	3683
799	3684
800	3684
800	3685
801	3685
801	3687
802	3687
802	3688
803	3688
803	3690
804	3690
804	3691
805	3691
805	3692
806	3692
806	3693
807	3693
807	3694
808	3694
808	3695
809	3695
809	3697
810	3697
810	3698
811	3698
811	3699
812	3699
812	3700
813	3700
813	3702
814	3702
814	3703
815	3703
815	3704
816	3704
816	3706
817	3706
817	3707
818	3707
818	3708
819	3708
819	3709
820	3709
820	3711
821	3711
821	3712
822	3712
822	3713
823	3713
823	3714
824	3714
824	3716
825	3716
825	3717
826	3717
826	3718
827	3718
827	3719
828	3719
828	3721
829	3721
829	3722
830	3722
830	3724
831	3724
831	3725
832	3725
832	3726
833	3726
833	3728
834	3728
834	3729
835	3729
835	3731
836	3731
836	3732
837	3732
837	3733
838	3733
838	3735
839	3735
839	3736
840	3736
840	3737
841	3737
841	3738
842	3738
842	3739
843	3739
843	3740
844	3740
844	3742
845	3742
845	3743
846	3743
846	3744
847	3744
847	3745
848	3745
848	3746
849	3746
849	3747
850	3747
850	3749
851	3749
851	3750
852	3750
852	3751
853	3751
853	3752
854	3752
854	3753
855	3753
855	3755
856	3755
856	3756
857	3756
857	3757
858	3757
858	3758
859	3758
859	3760
860	3760
860	3761
861	3761
861	3762
862	3762
862	3764
863	3764
863	3765
864	3765
864	3766
865	3766
865	3768
866	3768
866	3769
867	3769
867	3770
868	3770
868	3771
869	3771
869	3772
870	3772
870	3773
871	3773
871	3774
872	3774
872	3775
873	3775
873	3777
875	3777
875	3779
876	3779
876	3780
877	3780
877	3781
878	3781
878	3782
879	3782
879	3783
880	3783
880	3785
882	3785
882	3787
884	3787
884	3788
885	3788
885	3789
886	3789
886	3790
887	3790
887	3792
888	3792
888	3793
889	3793
889	3794
890	3794
890	3795
891	3795
891	3796
892	3796
892	3797
893	3797
893	3798
894	3798
894	3799
895	3799
895	3800
896	3800
896	3802
897	3802
897	3803
899	3803
899	3805
900	3805
900	3806
901	3806
901	3807
902	3807
902	3808
903	3808
903	3809
904	3809
904	3810
905	3810
905	3811
906	3811
906	3812
907	3812
907	3813
908	3813
908	3814
909	3814
909	3815
910	3815
910	3816
911	3816
911	3818
912	3818
912	3819
913	3819
913	3821
914	3821
914	3822
915	3822
915	3823
916	3823
916	3824
917	3824
917	3825
918	3825
918	3826
919	3826
919	3828
920	3828
920	3829
921	3829
921	3830
922	3830
922	3831
923	3831
923	3832
924	3832
924	3834
925	3834
925	3835
926	3835
926	3836
927	3836
927	3837
928	3837
928	3838
929	3838
929	3839
930	3839
930	3840
931	3840
931	3841
932	3841
932	3842
933	3842
933	3843
935	3843
935	3845
937	3845
937	3846
938	3846
938	3847
939	3847
939	3848
940	3848
940	3849
941	3849
941	3850
942	3850
942	3851
943	3851
943	3852
944	3852
944	3853
945	3853
945	3854
946	3854
946	3855
947	3855
947	3856
948	3856
948	3857
950	3857
950	3858
951	3858
951	3859
952	3859
952	3860
953	3860
953	3861
954	3861
954	3862
955	3862
955	3864
957	3864
957	3866
958	3866
958	3867
959	3867
959	3868
960	3868
960	3869
961	3869
961	3870
962	3870
962	3871
963	3871
963	3873
964	3873
964	3874
965	3874
965	3875
966	3875
966	3876
967	3876
967	3877
968	3877
968	3878
969	3878
969	3879
970	3879
970	3880
971	3880
971	3881
972	3881
972	3882
973	3882
973	3884
974	3884
974	3885
975	3885
975	3886
976	3886
976	3887
977	3887
977	3888
978	3888
978	3889
979	3889
979	3890
980	3890
980	3891
982	3891
982	3892
983	3892
983	3893
984	3893
984	3894
985	3894
985	3895
986	3895
986	3896
987	3896
987	3897
988	3897
988	3898
989	3898
989	3899
990	3899
990	3900
991	3900
991	3901
992	3901
992	3903
994	3903
994	3904
995	3904
995	3906
996	3906
996	3907
997	3907
997	3908
998	3908
998	3909
999	3909
999	3911
1000	3911
1000	3912
1001	3912
1001	3913
1003	3913
1003	3915
1004	3915
1004	3916
1005	3916
1005	3917
1006	3917
1006	3918
1007	3918
1007	3919
1008	3919
1008	3920
1009	3920
1009	3921
1010	3921
1010	3922
1011	3922
1011	3923
1012	3923
1012	3924
1013	3924
1013	3925
1014	3925
1014	3926
1015	3926
1015	3927
1016	3927
1016	3929
1018	3929
1018	3930
1019	3930
1019	3931
1020	3931
1020	3932
1021	3932
1021	3934
1022	3934
1022	3935
1023	3935
1023	3936
1024	3936
1024	3937
1025	3937
1025	3938
1026	3938
1026	3939
1027	3939
1027	3940
1028	3940
1028	3941
1029	3941
1029	3942
1030	3942
1030	3943
1031	3943
1031	3944
1032	3944
1032	3945
1033	3945
1033	3946
1034	3946
1034	3947
1035	3947
1035	3948
1036	3948
1036	3949
1037	3949
1037	3950
1038	3950
1038	3951
1039	3951
1039	3952
1040	3952
1040	3953
1041	3953
1041	3954
1042	3954
1042	3955
1043	3955
1043	3956
1045	3956
1045	3957
1046	3957
1046	3958
1047	3958
1047	3959
1048	3959
1048	3960
1049	3960
1049	3961
1050	3961
1050	3962
1051	3962
1051	3963
1053	3963
1053	3964
1055	3964
1055	3965
1056	3965
1056	3966
1057	3966
1057	3967
1058	3967
1058	3968
1060	3968
1060	3969
1061	3969
1061	3970
1063	3970
1063	3971
1064	3971
1064	3972
1065	3972
1065	3973
1066	3973
1066	3974
1067	3974
1067	3975
1069	3975
1069	3976
1070	3976
1070	3977
1072	3977
1072	3978
1073	3978
1073	3979
1074	3979
1074	3980
1075	3980
1075	3981
1076	3981
1076	3982
1077	3982
1077	3983
1079	3983
1079	3984
1081	3984
1081	3985
1082	3985
1082	3986
1084	3986
1084	3987
1085	3987
1085	3988
1087	3988
1087	3989
1088	3989
1088	3990
1090	3990
1090	3991
1091	3991
1091	3992
1092	3992
1092	3993
1093	3993
1093	3994
1094	3994
1094	3995
1096	3995
1096	3996
1097	3996
1097	3997
1098	3997
1098	3998
1099	3998
1099	3999
1100	3999
1100	4000
1102	4000
1102	4001
1103	4001
1103	4002
1104	4002
1104	4003
1106	4003
1106	4005
1107	4005
1107	4006
1108	4006
1108	4007
1109	4007
1109	4008
1110	4008
1110	4009
1111	4009
1111	4010
1112	4010
1112	4011
1113	4011
1113	4012
1115	4012
1115	4013
1116	4013
1116	4015
1117	4015
1117	4016
1118	4016
1118	4017
1119	4017
1119	4018
1121	4018
1121	4019
1122	4019
1122	4020
1123	4020
1123	4021
1124	4021
1124	4022
1125	4022
1125	4023
1126	4023
1126	4024
1127	4024
1127	4025
1128	4025
1128	4026
1129	4026
1129	4027
1130	4027
1130	4028
1131	4028
1131	4029
1132	4029
1132	4030
1133	4030
1133	4031
1134	4031
1134	4032
1135	4032
1135	4033
1137	4033
1137	4034
1138	4034
1138	4035
1140	4035
1140	4036
1141	4036
1141	4037
1142	4037
1142	4038
1143	4038
1143	4039
1144	4039
1144	4040
1145	4040
1145	4041
1146	4041
1146	4042
1148	4042
1148	4043
1149	4043
1149	4044
1150	4044
1150	4045
1152	4045
1152	4046
1153	4046
1153	4047
1154	4047
1154	4048
1156	4048
1156	4049
1157	4049
1157	4050
1159	4050
1159	4051
1160	4051
1160	4052
1161	4052
1161	4053
1162	4053
1162	4054
1164	4054
1164	4055
1165	4055
1165	4056
1166	4056
1166	4057
1167	4057
1167	4058
1168	4058
1168	4059
1170	4059
1170	4060
1171	4060
1171	4061
1173	4061
1173	4062
1174	4062
1174	4063
1175	4063
1175	4064
1177	4064
1177	4065
1178	4065
1178	4066
1179	4066
1179	4067
1180	4067
1180	4068
1182	4068
1182	4069
1183	4069
1183	4070
1184	4070
1184	4071
1185	4071
1185	4072
1186	4072
1186	4073
1187	4073
1187	4074
1188	4074
1188	4075
1190	4075
1190	4076
1191	4076
1191	4077
1192	4077
1192	4078
1193	4078
1193	4079
1194	4079
1194	4080
1195	4080
1195	4081
1196	4081
1196	4082
1197	4082
1197	4083
1199	4083
1199	4084
1200	4084
1200	4086
1202	4086
1202	4087
1203	4087
1203	4088
1204	4088
1204	4089
1205	4089
1205	4090
1206	4090
1206	4091
1207	4091
1207	4092
1208	4092
1208	4093
1209	4093
1209	4094
1210	4094
1210	4095
1211	4095
1211	4096
1213	4096
1213	4097
1214	4097
1214	4098
1216	4098
1216	4099
1217	4099
1217	4100
1218	4100
1218	4101
1219	4101
1219	4102
1220	4102
1220	4103
1221	4103
1221	4104
1222	4104
1222	4105
1224	4105
1224	4106
1225	4106
1225	4107
1226	4107
1226	4108
1227	4108
1227	4110
1228	4110
1228	4111
1229	4111
1229	4112
1230	4112
1230	4113
1231	4113
1231	4114
1233	4114
1233	4115
1234	4115
1234	4116
1235	4116
1235	4117
1236	4117
1236	4118
1237	4118
1237	4119
1238	4119
1238	4120
1239	4120
1239	4121
1241	4121
1241	4122
1242	4122
1242	4123
1243	4123
1243	4124
1244	4124
1244	4125
1245	4125
1245	4126
1246	4126
1246	4127
1247	4127
1247	4128
1248	4128
1248	4129
1250	4129
1250	4130
1251	4130
1251	4131
1252	4131
1252	4132
1253	4132
1253	4133
1254	4133
1254	4134
1255	4134
1255	4136
1256	4136
1256	4137
1258	4137
1258	4138
1259	4138
1259	4140
1261	4140
1261	4141
1262	4141
1262	4142
1263	4142
1263	4143
1264	4143
1264	4144
1265	4144
1265	4145
1267	4145
1267	4146
1268	4146
1268	4147
1270	4147
1270	4148
1271	4148
1271	4149
1272	4149
1272	4150
1273	4150
1273	4151
1275	4151
1275	4152
1276	4152
1276	4153
1277	4153
1277	4155
1278	4155
1278	4156
1279	4156
1279	4157
1280	4157
1280	4158
1281	4158
1281	4159
1283	4159
1283	4160
1284	4160
1284	4161
1285	4161
1285	4162
1286	4162
1286	4163
1287	4163
1287	4164
1288	4164
1288	4165
1289	4165
1289	4166
1290	4166
1290	4167
1291	4167
1291	4168
1292	4168
1292	4169
1293	4169
1293	4170
1294	4170
1294	4171
1295	4171
1295	4173
1296	4173
1296	4174
1297	4174
1297	4175
1298	4175
1298	4176
1299	4176
1299	4177
1300	4177
1300	4178
1301	4178
1301	4179
1302	4179
1302	4180
1303	4180
1303	4181
1305	4181
1305	4182
1306	4182
1306	4183
1307	4183
1307	4185
1309	4185
1309	4186
1310	4186
1310	4187
1312	4187
1312	4188
1313	4188
1313	4189
1314	4189
1314	4190
1315	4190
1315	4191
1317	4191
1317	4192
1318	4192
1318	4193
1319	4193
1319	4194
1320	4194
1320	4195
1321	4195
1321	4196
1323	4196
1323	4197
1324	4197
1324	4198
1325	4198
1325	4199
1327	4199
1327	4201
1328	4201
1328	4202
1329	4202
1329	4203
1330	4203
1330	4204
1331	4204
1331	4205
1332	4205
1332	4206
1334	4206
1334	4207
1335	4207
1335	4208
1336	4208
1336	4209
1337	4209
1337	4210
1338	4210
1338	4211
1339	4211
1339	4212
1340	4212
1340	4213
1341	4213
1341	4214
1343	4214
1343	4215
1344	4215
1344	4216
1346	4216
1346	4217
1347	4217
1347	4218
1348	4218
1348	4219
1349	4219
1349	4220
1350	4220
1350	4221
1352	4221
1352	4222
1353	4222
1353	4223
1354	4223
1354	4224
1355	4224
1355	4225
1356	4225
1356	4226
1357	4226
1357	4227
1358	4227
1358	4228
1359	4228
1359	4229
1361	4229
1361	4230
1362	4230
1362	4231
1363	4231
1363	4232
1364	4232
1364	4233
1365	4233
1365	4234
1367	4234
1367	4235
1369	4235
1369	4236
1370	4236
1370	4237
1371	4237
1371	4238
1373	4238
1373	4239
1374	4239
1374	4240
1375	4240
1375	4241
1377	4241
1377	4242
1378	4242
1378	4243
1380	4243
1380	4244
1381	4244
1381	4245
1382	4245
1382	4246
1384	4246
1384	4247
1387	4247
1387	4248
1388	4248
1388	4249
1390	4249
1390	4251
1391	4251
1391	4252
1393	4252
1393	4253
1394	4253
1394	4254
1395	4254
1395	4255
1396	4255
1396	4256
1397	4256
1397	4257
1398	4257
1398	4258
1399	4258
1399	4260
1401	4260
1401	4261
1402	4261
1402	4262
1403	4262
1403	4263
1404	4263
1404	4264
1405	4264
1405	4265
1406	4265
1406	4266
1407	4266
1407	4267
1408	4267
1408	4268
1410	4268
1410	4269
1411	4269
1411	4270
1412	4270
1412	4271
1413	4271
1413	4272
1414	4272
1414	4273
1415	4273
1415	4274
1416	4274
1416	4275
1418	4275
1418	4276
1421	4276
1421	4252
1420	4252
1420	4231
1419	4231
1419	4226
1418	4226
1418	4224
1417	4224
1417	4221
1416	4221
1416	4219
1415	4219
1415	4216
1414	4216
1414	4214
1413	4214
1413	4211
1412	4211
1412	4206
1413	4206
1413	4202
1416	4202
1416	4200
1415	4200
1415	4199
1414	4199
1414	4196
1415	4196
1415	4195
1414	4195
1414	4180
1413	4180
1413	4173
1412	4173
1412	4171
1413	4171
1413	4170
1412	4170
1412	4162
1411	4162
1411	4152
1410	4152
1410	4148
1409	4148
1409	4142
1408	4142
1408	4136
1407	4136
1407	4130
1406	4130
1406	4124
1405	4124
1405	4113
1404	4113
1404	4109
1403	4109
1403	4099
1402	4099
1402	4096
1401	4096
1401	4092
1400	4092
1400	4089
1399	4089
1399	4085
1398	4085
1398	4080
1397	4080
1397	4064
1396	4064
1396	4063
1397	4063
1397	4054
1396	4054
1396	4044
1395	4044
1395	4039
1394	4039
1394	4031
1393	4031
1393	4027
1392	4027
1392	4021
1391	4021
1391	4010
1390	4010
1390	4009
1391	4009
1391	4007
1390	4007
1390	3998
1389	3998
1389	3952
1388	3952
1388	3944
1389	3944
1389	3941
1388	3941
1388	3930
1389	3930
1389	3927
1388	3927
1388	3914
1387	3914
1387	3900
1388	3900
1388	3886
1389	3886
1389	3885
1388	3885
1388	3883
1389	3883
1389	3874
1388	3874
1388	3848
1389	3848
1389	3835
1390	3835
1390	3820
1391	3820
1391	3808
1392	3808
1392	3807
1391	3807
1391	3804
1392	3804
1392	3797
1393	3797
1393	3792
1394	3792
1394	3787
1395	3787
1395	3781
1396	3781
1396	3776
1397	3776
1397	3762
1396	3762
1396	3747
1395	3747
1395	3729
1396	3729
1396	3720
1397	3720
1397	3715
1398	3715
1398	3705
1399	3705
1399	3694
1400	3694
1400	3687
1401	3687
1401	3680
1402	3680
1402	3671
1403	3671
1403	3664
1404	3664
1404	3658
1405	3658
1405	3648
1406	3648
1406	3637
1407	3637
1407	3632
1408	3632
1408	3627
1409	3627
1409	3621
1410	3621
1410	3612
1411	3612
1411	3601
1410	3601
1410	3549
1411	3549
1411	3537
1412	3537
1412	3521
1413	3521
1413	3515
1414	3515
1414	3504
1415	3504
1415	3495
1416	3495
1416	3475
1417	3475
1417	3465
1418	3465
1418	3458
1419	3458
1419	3450
1420	3450
1420	3443
1421	3443
1421	3429
1422	3429
1422	3395
1423	3395
1423	3382
1422	3382
1422	3375
1423	3375
1423	3365
1424	3365
1424	3358
1425	3358
1425	3347
1426	3347
1426	3335
1427	3335
1427	3327
1428	3327
1428	3321
1429	3321
1429	3314
1430	3314
1430	3301
1431	3301
1431	3290
1432	3290
1432	3273
1433	3273
1433	3252
1434	3252
1434	3242
1435	3242
1435	3230
1436	3230
1436	3211
1437	3211
1437	3201
1438	3201
1438	3195
1439	3195
1439	3185
1440	3185
1440	3174
1441	3174
1441	3169
1442	3169
1442	3162
1443	3162
1443	3149
1444	3149
1444	3128
1445	3128
1445	3120
1446	3120
1446	3114
1447	3114
1447	3106
1448	3106
1448	3105
1447	3105
1447	3103
1448	3103
1448	3096
1449	3096
1449	3089
1450	3089
1450	3085
1451	3085
1451	3080
1452	3080
1452	3077
1453	3077
1453	3073
1454	3073
1454	3071
1455	3071
1455	3067
1456	3067
1456	3064
1457	3064
1457	3061
1458	3061
1458	3057
1459	3057
1459	3054
1460	3054
1460	3048
1461	3048
1461	3042
1462	3042
1462	3036
1463	3036
1463	3029
1464	3029
1464	3025
1465	3025
1465	3021
1466	3021
1466	3018
1467	3018
1467	3014
1468	3014
1468	3010
1469	3010
1469	3006
1470	3006
1470	3002
1471	3002
1471	2999
1472	2999
1472	2996
1473	2996
1473	2992
1474	2992
1474	2990
1475	2990
1475	2987
1476	2987
1476	2985
1477	2985
1477	2983
1478	2983
1478	2982
1479	2982
1479	2980
1480	2980
1480	2979
1481	2979
1481	2977
1482	2977
1482	2975
1483	2975
1483	2974
1484	2974
1484	2973
1485	2973
1485	2971
1486	2971
1486	2969
1487	2969
1487	2968
1488	2968
1488	2967
1489	2967
1489	2965
1490	2965
1490	2964
1491	2964
1491	2963
1492	2963
1492	2962
1493	2962
1493	2961
1494	2961
1494	2960
1496	2960
1496	2959
1497	2959
1497	2958
1499	2958
1499	2957
1501	2957
1501	2956
1502	2956
1502	2955
1505	2955
1505	2954
1510	2954
1510	2953
1513	2953
1513	2954
1514	2954
1514	2955
1515	2955
1515	2952
1517	2952
1517	2954
1516	2954
1516	2955
1520	2955
1520	2956
1522	2956
1522	2957
1524	2957
1524	2958
1525	2958
1525	2959
1526	2959
1526	2960
1527	2960
1527	2961
1528	2961
1528	2963
1529	2963
1529	2964
1530	2964
1530	2966
1531	2966
1531	2968
1532	2968
1532	2970
1533	2970
1533	2972
1534	2972
1534	2975
1535	2975
1535	2978
1536	2978
1536	2982
1537	2982
1537	2985
1538	2985
1538	2989
1539	2989
1539	3004
1540	3004
1540	3014
1539	3014
1539	3020
1538	3020
1538	3028
1537	3028
1537	3036
1536	3036
1536	3044
1535	3044
1535	3048
1534	3048
1534	3053
1533	3053
1533	3059
1532	3059
1532	3072
1531	3072
1531	3078
1530	3078
1530	3084
1529	3084
1529	3097
1528	3097
1528	3104
1527	3104
1527	3110
1526	3110
1526	3120
1525	3120
1525	3122
1526	3122
1526	3133
1525	3133
1525	3139
1524	3139
1524	3148
1523	3148
1523	3156
1522	3156
1522	3161
1521	3161
1521	3166
1522	3166
1522	3167
1521	3167
1521	3186
1520	3186
1520	3199
1519	3199
1519	3200
1520	3200
1520	3201
1519	3201
1519	3207
1518	3207
1518	3215
1517	3215
1517	3220
1516	3220
1516	3225
1515	3225
1515	3230
1514	3230
1514	3234
1513	3234
1513	3241
1512	3241
1512	3248
1511	3248
1511	3254
1510	3254
1510	3258
1509	3258
1509	3262
1508	3262
1508	3267
1507	3267
1507	3272
1506	3272
1506	3282
1505	3282
1505	3294
1504	3294
1504	3303
1503	3303
1503	3307
1502	3307
1502	3320
1501	3320
1501	3331
1500	3331
1500	3342
1499	3342
1499	3350
1498	3350
1498	3362
1497	3362
1497	3371
1496	3371
1496	3378
1495	3378
1495	3386
1494	3386
1494	3398
1493	3398
1493	3424
1492	3424
1492	3433
1491	3433
1491	3467
1490	3467
1490	3481
1489	3481
1489	3482
1490	3482
1490	3490
1489	3490
1489	3493
1490	3493
1490	3496
1489	3496
1489	3498
1490	3498
1490	3500
1489	3500
1489	3510
1490	3510
1490	3520
1489	3520
1489	3528
1490	3528
1490	3541
1489	3541
1489	3546
1490	3546
1490	3554
1489	3554
1489	3556
1490	3556
1490	3558
1489	3558
1489	3566
1490	3566
1490	3568
1489	3568
1489	3569
1490	3569
1490	3579
1489	3579
1489	3585
1488	3585
1488	3593
1487	3593
1487	3601
1486	3601
1486	3608
1485	3608
1485	3618
1484	3618
1484	3625
1483	3625
1483	3641
1482	3641
1482	3658
1481	3658
1481	3689
1480	3689
1480	3697
1481	3697
1481	3699
1480	3699
1480	3732
1479	3732
1479	3746
1478	3746
1478	3752
1479	3752
1479	3754
1478	3754
1478	3758
1479	3758
1479	3763
1478	3763
